#+++++++++++++++++++++++++++++++++++++++++++++++++++++++++++++++++++++++++++++++++++++++++++++++++++++++++++++++++++++++++++++++++
#
#   IPW-3 Cut/Slice DATA SUBMITTAL FORM for Test Case NACA0012_Cp_Conditions
#
#       NOMENCLATURE:
#                  X [m]:  X-coordinate of the surface (clean for reference)
#                  Y [m]:  Y-coordinate of the surface (clean for reference)
#                  Z [m]:  Z-coordinate of the surface (clean for reference)
#                  Cp [-]:  Pressure coefficient
#
#    FLOW CONDITIONS:
#                                   AOA: 4.0 deg
#                           Mach Number: 0.3114 [-]
#       Mean aerodynamic chord (M.A.C.): 0.5334 [m]
#                       Reynolds Number: 3.8441 million (based on MAC)
#                       Freestream Temp: 267.75 [K]
#                        Reference area: 0.97548 [m2]
#               Moment Reference Center: 0.13335, 0, 0 [m] (X, Y, Z)
#
#
#              NOTES: 1. Please use at least 5 decimal places in the numerical values
#                     2. If data are NOT provided, please fill data fields with a numerical value of "-999"
#
#+++++++++++++++++++++++++++++++++++++++++++++++++++++++++++++++++++++++++++++++++++++++++++++++++++++++++++++++++++++++++++++++++++
 VARIABLES = "X" "Y" "Z" "Cp"

ZONE T="SLICE_Y_0p9144_CUTDATA"
1.90151427e-02 5.00000000e-01 -8.73192586e-03 4.15309608e-01
1.95120294e-02 5.00000000e-01 -8.95686168e-03 4.03939605e-01
2.02018898e-02 5.00000000e-01 -9.25966073e-03 3.92856151e-01
2.07001064e-02 5.00000000e-01 -9.47559997e-03 3.81759346e-01
2.11975090e-02 5.00000000e-01 -9.68905073e-03 3.70623887e-01
2.18966939e-02 5.00000000e-01 -9.98294540e-03 3.59852880e-01
2.23935191e-02 5.00000000e-01 -1.01895351e-02 3.49295139e-01
2.28909962e-02 5.00000000e-01 -1.03921248e-02 3.39088589e-01
2.35987417e-02 5.00000000e-01 -1.06774811e-02 3.29523414e-01
2.43122689e-02 5.00000000e-01 -1.09613575e-02 3.20689201e-01
2.48094872e-02 5.00000000e-01 -1.11546814e-02 3.12266797e-01
2.53051519e-02 5.00000000e-01 -1.13469530e-02 3.04585636e-01
2.60260701e-02 5.00000000e-01 -1.16199274e-02 2.97081351e-01
2.67505776e-02 5.00000000e-01 -1.18906628e-02 2.89953053e-01
2.72472501e-02 5.00000000e-01 -1.20748440e-02 2.82864332e-01
2.77442336e-02 5.00000000e-01 -1.22557068e-02 2.75856346e-01
2.84741428e-02 5.00000000e-01 -1.25196558e-02 2.68778562e-01
2.89700441e-02 5.00000000e-01 -1.26952920e-02 2.61554897e-01
2.94659473e-02 5.00000000e-01 -1.28709292e-02 2.54331529e-01
3.01996469e-02 5.00000000e-01 -1.31252715e-02 2.47274786e-01
3.09380274e-02 5.00000000e-01 -1.33780995e-02 2.40387022e-01
3.14329006e-02 5.00000000e-01 -1.35451537e-02 2.33563706e-01
3.19264457e-02 5.00000000e-01 -1.37106068e-02 2.26995528e-01
3.26691605e-02 5.00000000e-01 -1.39567321e-02 2.20476195e-01
3.34144570e-02 5.00000000e-01 -1.41995484e-02 2.14130670e-01
3.39082442e-02 5.00000000e-01 -1.43592581e-02 2.07760826e-01
3.44007276e-02 5.00000000e-01 -1.45162279e-02 2.01461419e-01
3.51499021e-02 5.00000000e-01 -1.47534320e-02 1.95106313e-01
3.59011442e-02 5.00000000e-01 -1.49871372e-02 1.88850552e-01
3.63937356e-02 5.00000000e-01 -1.51399523e-02 1.82600051e-01
3.68849263e-02 5.00000000e-01 -1.52896280e-02 1.76610351e-01
3.76395360e-02 5.00000000e-01 -1.55189121e-02 1.70799687e-01
3.83960493e-02 5.00000000e-01 -1.57438423e-02 1.65370464e-01
3.91556062e-02 5.00000000e-01 -1.59680378e-02 1.60249203e-01
3.96461263e-02 5.00000000e-01 -1.61107201e-02 1.55303985e-01
4.01366465e-02 5.00000000e-01 -1.62534043e-02 1.50551885e-01
4.08977084e-02 5.00000000e-01 -1.64703894e-02 1.45911887e-01
4.16615568e-02 5.00000000e-01 -1.66867878e-02 1.41333103e-01
4.21505980e-02 5.00000000e-01 -1.68231707e-02 1.36752725e-01
4.26396392e-02 5.00000000e-01 -1.69595536e-02 1.32221818e-01
4.34045605e-02 5.00000000e-01 -1.71697400e-02 1.27777010e-01
4.41718735e-02 5.00000000e-01 -1.73794832e-02 1.23419516e-01
4.49410789e-02 5.00000000e-01 -1.75853055e-02 1.19127378e-01
4.54285927e-02 5.00000000e-01 -1.77157540e-02 1.14915281e-01
4.59151901e-02 5.00000000e-01 -1.78435799e-02 1.10832050e-01
4.66865189e-02 5.00000000e-01 -1.80456732e-02 1.06786698e-01
4.74593118e-02 5.00000000e-01 -1.82446372e-02 1.02836415e-01
4.82328236e-02 5.00000000e-01 -1.84427984e-02 9.89172757e-02
4.87192608e-02 5.00000000e-01 -1.85652599e-02 9.50526446e-02
4.92043905e-02 5.00000000e-01 -1.86873376e-02 9.12356675e-02
4.99796048e-02 5.00000000e-01 -1.88808776e-02 8.75085890e-02
5.07564992e-02 5.00000000e-01 -1.90727450e-02 8.38742182e-02
5.15356846e-02 5.00000000e-01 -1.92625113e-02 8.03904235e-02
5.20190969e-02 5.00000000e-01 -1.93790793e-02 7.69897625e-02
5.25025092e-02 5.00000000e-01 -1.94956474e-02 7.37409815e-02
5.32818176e-02 5.00000000e-01 -1.96803175e-02 7.06110522e-02
5.40627651e-02 5.00000000e-01 -1.98649336e-02 6.75935745e-02
5.48449121e-02 5.00000000e-01 -2.00464632e-02 6.46221489e-02
5.53267486e-02 5.00000000e-01 -2.01582927e-02 6.16751835e-02
5.58073856e-02 5.00000000e-01 -2.02682260e-02 5.87522239e-02
5.65911904e-02 5.00000000e-01 -2.04463396e-02 5.58177829e-02
5.73754609e-02 5.00000000e-01 -2.06227209e-02 5.29196896e-02
5.81608154e-02 5.00000000e-01 -2.07975600e-02 5.00280224e-02
5.89481592e-02 5.00000000e-01 -2.09708232e-02 4.71775420e-02
5.94273955e-02 5.00000000e-01 -2.10753530e-02 4.43291850e-02
5.99066317e-02 5.00000000e-01 -2.11798828e-02 4.15091552e-02
6.06937185e-02 5.00000000e-01 -2.13487633e-02 3.87297384e-02
6.14819601e-02 5.00000000e-01 -2.15173047e-02 3.59737165e-02
6.22718222e-02 5.00000000e-01 -2.16833241e-02 3.32811698e-02
6.27493560e-02 5.00000000e-01 -2.17833798e-02 3.06169242e-02
6.32254258e-02 5.00000000e-01 -2.18829531e-02 2.80669555e-02
6.40163496e-02 5.00000000e-01 -2.20453627e-02 2.55903527e-02
6.48071170e-02 5.00000000e-01 -2.22076383e-02 2.32278928e-02
6.55992851e-02 5.00000000e-01 -2.23671310e-02 2.09003445e-02
6.63914532e-02 5.00000000e-01 -2.25266218e-02 1.85720902e-02
6.68674633e-02 5.00000000e-01 -2.26205885e-02 1.62395183e-02
6.73424378e-02 5.00000000e-01 -2.27143187e-02 1.39005380e-02
6.81351200e-02 5.00000000e-01 -2.28703674e-02 1.16381785e-02
6.89296499e-02 5.00000000e-01 -2.30241194e-02 9.46550816e-03
6.97246194e-02 5.00000000e-01 -2.31778063e-02 7.41388602e-03
7.05204382e-02 5.00000000e-01 -2.33282894e-02 5.43181971e-03
7.09935948e-02 5.00000000e-01 -2.34177597e-02 3.49915982e-03
7.14654177e-02 5.00000000e-01 -2.35066079e-02 1.64539041e-03
7.22622946e-02 5.00000000e-01 -2.36543827e-02 -1.50669875e-04
7.30588138e-02 5.00000000e-01 -2.38020811e-02 -1.85931905e-03
7.38567039e-02 5.00000000e-01 -2.39471886e-02 -3.55932233e-03
7.46545941e-02 5.00000000e-01 -2.40922980e-02 -5.33631863e-03
7.54540265e-02 5.00000000e-01 -2.42352821e-02 -7.26622855e-03
7.59247020e-02 5.00000000e-01 -2.43192334e-02 -9.35698114e-03
7.63953775e-02 5.00000000e-01 -2.44031865e-02 -1.15842046e-02
7.71940425e-02 5.00000000e-01 -2.45432034e-02 -1.37967980e-02
7.79938549e-02 5.00000000e-01 -2.46830713e-02 -1.59590933e-02
7.87943825e-02 5.00000000e-01 -2.48209350e-02 -1.80071089e-02
7.95952454e-02 5.00000000e-01 -2.49578897e-02 -1.99567713e-02
8.03977400e-02 5.00000000e-01 -2.50936057e-02 -2.17976179e-02
8.08656812e-02 5.00000000e-01 -2.51718033e-02 -2.35618725e-02
8.13336298e-02 5.00000000e-01 -2.52499990e-02 -2.51303967e-02
8.21351707e-02 5.00000000e-01 -2.53828634e-02 -2.64955629e-02
8.29378664e-02 5.00000000e-01 -2.55144685e-02 -2.76310593e-02
8.37409273e-02 5.00000000e-01 -2.56456733e-02 -2.86399014e-02
8.45444277e-02 5.00000000e-01 -2.57748812e-02 -2.96990164e-02
8.53479356e-02 5.00000000e-01 -2.59040892e-02 -3.09486669e-02
8.58145580e-02 5.00000000e-01 -2.59776767e-02 -3.23797166e-02
8.62799808e-02 5.00000000e-01 -2.60508284e-02 -3.39921787e-02
8.70843902e-02 5.00000000e-01 -2.61772610e-02 -3.55971046e-02
8.78888667e-02 5.00000000e-01 -2.63017882e-02 -3.71223763e-02
8.86940137e-02 5.00000000e-01 -2.64259093e-02 -3.85474488e-02
8.94999355e-02 5.00000000e-01 -2.65488029e-02 -3.99060771e-02
9.03059095e-02 5.00000000e-01 -2.66702697e-02 -4.12925370e-02
9.07696337e-02 5.00000000e-01 -2.67401542e-02 -4.27292399e-02
9.12323445e-02 5.00000000e-01 -2.68091671e-02 -4.41941656e-02
9.20390040e-02 5.00000000e-01 -2.69283988e-02 -4.55953740e-02
9.28456560e-02 5.00000000e-01 -2.70476285e-02 -4.68556210e-02
9.36525688e-02 5.00000000e-01 -2.71643083e-02 -4.79532927e-02
9.44599882e-02 5.00000000e-01 -2.72809621e-02 -4.89790663e-02
9.52681377e-02 5.00000000e-01 -2.73963753e-02 -5.00603951e-02
9.60761979e-02 5.00000000e-01 -2.75108702e-02 -5.13270982e-02
9.65374708e-02 5.00000000e-01 -2.75762286e-02 -5.27657159e-02
9.69976559e-02 5.00000000e-01 -2.76405178e-02 -5.43197580e-02
9.78064314e-02 5.00000000e-01 -2.77525131e-02 -5.57916462e-02
9.86151993e-02 5.00000000e-01 -2.78645083e-02 -5.70385344e-02
9.94241387e-02 5.00000000e-01 -2.79741082e-02 -5.79628125e-02
1.00233600e-01 5.00000000e-01 -2.80836429e-02 -5.86090758e-02
1.01043738e-01 5.00000000e-01 -2.81919539e-02 -5.91206141e-02
1.01853855e-01 5.00000000e-01 -2.82990616e-02 -5.97064868e-02
1.02664948e-01 5.00000000e-01 -2.84061339e-02 -6.05145544e-02
1.03122823e-01 5.00000000e-01 -2.84655057e-02 -6.15398250e-02
1.03580706e-01 5.00000000e-01 -2.85248775e-02 -6.27432391e-02
1.04391359e-01 5.00000000e-01 -2.86299940e-02 -6.39018044e-02
1.05201893e-01 5.00000000e-01 -2.87332591e-02 -6.48960322e-02
1.06013164e-01 5.00000000e-01 -2.88359951e-02 -6.56551346e-02
1.06824704e-01 5.00000000e-01 -2.89382506e-02 -6.62182272e-02
1.07636459e-01 5.00000000e-01 -2.90390793e-02 -6.67479858e-02
1.08448215e-01 5.00000000e-01 -2.91399080e-02 -6.74329624e-02
1.09261304e-01 5.00000000e-01 -2.92391069e-02 -6.83976337e-02
1.09716736e-01 5.00000000e-01 -2.92943530e-02 -6.96056560e-02
1.10172167e-01 5.00000000e-01 -2.93495990e-02 -7.09661245e-02
1.10983953e-01 5.00000000e-01 -2.94472370e-02 -7.22204447e-02
1.11796826e-01 5.00000000e-01 -2.95435209e-02 -7.32322633e-02
1.12609707e-01 5.00000000e-01 -2.96398047e-02 -7.39103109e-02
1.13422960e-01 5.00000000e-01 -2.97342800e-02 -7.43089840e-02
1.14236355e-01 5.00000000e-01 -2.98283584e-02 -7.46136382e-02
1.15050495e-01 5.00000000e-01 -2.99219415e-02 -7.50425979e-02
1.15864404e-01 5.00000000e-01 -3.00138295e-02 -7.57648349e-02
1.16317302e-01 5.00000000e-01 -3.00649591e-02 -7.67503828e-02
1.16770193e-01 5.00000000e-01 -3.01160887e-02 -7.79530704e-02
1.17583618e-01 5.00000000e-01 -3.02064773e-02 -7.90983736e-02
1.18397921e-01 5.00000000e-01 -3.02965827e-02 -8.00326020e-02
1.19211935e-01 5.00000000e-01 -3.03861685e-02 -8.05981755e-02
1.20026797e-01 5.00000000e-01 -3.04737836e-02 -8.07731375e-02
1.20841652e-01 5.00000000e-01 -3.05613987e-02 -8.06629658e-02
1.21656939e-01 5.00000000e-01 -3.06480546e-02 -8.04795176e-02
1.22472167e-01 5.00000000e-01 -3.07339560e-02 -8.04738030e-02
1.23287395e-01 5.00000000e-01 -3.08198575e-02 -8.08495730e-02
1.24103859e-01 5.00000000e-01 -3.09039149e-02 -8.16935673e-02
1.24553613e-01 5.00000000e-01 -3.09501439e-02 -8.28913599e-02
1.25003368e-01 5.00000000e-01 -3.09963748e-02 -8.43167007e-02
1.25818580e-01 5.00000000e-01 -3.10795139e-02 -8.56439471e-02
1.26634598e-01 5.00000000e-01 -3.11616790e-02 -8.66941214e-02
1.27450600e-01 5.00000000e-01 -3.12438440e-02 -8.73021707e-02
1.28266782e-01 5.00000000e-01 -3.13243195e-02 -8.74355584e-02
1.29083261e-01 5.00000000e-01 -3.14041264e-02 -8.72069001e-02
1.29900143e-01 5.00000000e-01 -3.14839371e-02 -8.68291855e-02
1.30716994e-01 5.00000000e-01 -3.15617509e-02 -8.65644142e-02
1.31533861e-01 5.00000000e-01 -3.16395685e-02 -8.66408795e-02
1.32351547e-01 5.00000000e-01 -3.17169689e-02 -8.71808529e-02
1.32798254e-01 5.00000000e-01 -3.17586362e-02 -8.80877152e-02
1.33244947e-01 5.00000000e-01 -3.18003073e-02 -8.92877355e-02
1.34062111e-01 5.00000000e-01 -3.18765342e-02 -9.04639512e-02
1.34878948e-01 5.00000000e-01 -3.19514275e-02 -9.14530084e-02
1.35696471e-01 5.00000000e-01 -3.20257321e-02 -9.20872241e-02
1.36513993e-01 5.00000000e-01 -3.21000405e-02 -9.22991857e-02
1.37331739e-01 5.00000000e-01 -3.21725905e-02 -9.21433121e-02
1.38149604e-01 5.00000000e-01 -3.22449915e-02 -9.17738378e-02
1.38967901e-01 5.00000000e-01 -3.23171467e-02 -9.13426057e-02
1.39786094e-01 5.00000000e-01 -3.23876776e-02 -9.11297500e-02
1.40604287e-01 5.00000000e-01 -3.24582122e-02 -9.13092569e-02
1.41423419e-01 5.00000000e-01 -3.25281285e-02 -9.19512659e-02
1.41867012e-01 5.00000000e-01 -3.25653479e-02 -9.29381773e-02
1.42310604e-01 5.00000000e-01 -3.26025635e-02 -9.41618457e-02
1.43129125e-01 5.00000000e-01 -3.26712318e-02 -9.53198373e-02
1.43947229e-01 5.00000000e-01 -3.27386782e-02 -9.62461457e-02
1.44766048e-01 5.00000000e-01 -3.28055285e-02 -9.67913196e-02
1.45584866e-01 5.00000000e-01 -3.28723788e-02 -9.69028622e-02
1.46403730e-01 5.00000000e-01 -3.29377241e-02 -9.66348275e-02
1.47222847e-01 5.00000000e-01 -3.30027677e-02 -9.61212665e-02
1.48041964e-01 5.00000000e-01 -3.30678076e-02 -9.55422893e-02
1.48861572e-01 5.00000000e-01 -3.31311151e-02 -9.50999856e-02
1.49680957e-01 5.00000000e-01 -3.31943743e-02 -9.49843824e-02
1.50500864e-01 5.00000000e-01 -3.32574956e-02 -9.53313559e-02
1.51320487e-01 5.00000000e-01 -3.33193392e-02 -9.61702317e-02
1.51761204e-01 5.00000000e-01 -3.33525948e-02 -9.73500460e-02
1.52201936e-01 5.00000000e-01 -3.33858505e-02 -9.86927673e-02
1.53020844e-01 5.00000000e-01 -3.34470719e-02 -9.98747349e-02
1.53840721e-01 5.00000000e-01 -3.35071720e-02 -1.00708008e-01
1.54660597e-01 5.00000000e-01 -3.35672721e-02 -1.01065055e-01
1.55480102e-01 5.00000000e-01 -3.36264595e-02 -1.00952596e-01
1.56300277e-01 5.00000000e-01 -3.36844996e-02 -1.00483023e-01
1.57120451e-01 5.00000000e-01 -3.37425396e-02 -9.98067409e-02
1.57940686e-01 5.00000000e-01 -3.37998755e-02 -9.90577638e-02
1.58761039e-01 5.00000000e-01 -3.38565595e-02 -9.83230174e-02
1.59581408e-01 5.00000000e-01 -3.39132398e-02 -9.76552069e-02
1.60402194e-01 5.00000000e-01 -3.39689553e-02 -9.71051231e-02
1.61222786e-01 5.00000000e-01 -3.40239555e-02 -9.67486799e-02
1.62043378e-01 5.00000000e-01 -3.40789556e-02 -9.66927037e-02
1.62864730e-01 5.00000000e-01 -3.41329351e-02 -9.70360115e-02
1.63685545e-01 5.00000000e-01 -3.41862738e-02 -9.78152379e-02
1.64122611e-01 5.00000000e-01 -3.42146792e-02 -9.89079177e-02
1.64559692e-01 5.00000000e-01 -3.42430845e-02 -1.00192137e-01
1.65379927e-01 5.00000000e-01 -3.42951641e-02 -1.01375930e-01
1.66200951e-01 5.00000000e-01 -3.43468599e-02 -1.02296569e-01
1.67021975e-01 5.00000000e-01 -3.43985558e-02 -1.02814145e-01
1.67842746e-01 5.00000000e-01 -3.44489999e-02 -1.02903299e-01
1.68663964e-01 5.00000000e-01 -3.44990753e-02 -1.02641553e-01
1.69485196e-01 5.00000000e-01 -3.45491469e-02 -1.02155350e-01
1.70306444e-01 5.00000000e-01 -3.45982499e-02 -1.01569332e-01
1.71127826e-01 5.00000000e-01 -3.46470438e-02 -1.00965276e-01
1.71949208e-01 5.00000000e-01 -3.46958414e-02 -1.00375928e-01
1.72770962e-01 5.00000000e-01 -3.47432308e-02 -9.98048261e-02
1.73592567e-01 5.00000000e-01 -3.47901061e-02 -9.92586464e-02
1.74414173e-01 5.00000000e-01 -3.48369852e-02 -9.87881646e-02
1.75236225e-01 5.00000000e-01 -3.48830037e-02 -9.84990299e-02
1.76057965e-01 5.00000000e-01 -3.49286385e-02 -9.85295475e-02
1.76879704e-01 5.00000000e-01 -3.49742733e-02 -9.89971906e-02
1.77702278e-01 5.00000000e-01 -3.50189209e-02 -9.99250412e-02
1.78135261e-01 5.00000000e-01 -3.50421406e-02 -1.01169944e-01
1.78568259e-01 5.00000000e-01 -3.50653566e-02 -1.02536790e-01
1.79390177e-01 5.00000000e-01 -3.51094306e-02 -1.03709288e-01
1.80211604e-01 5.00000000e-01 -3.51524837e-02 -1.04485840e-01
1.81033671e-01 5.00000000e-01 -3.51950228e-02 -1.04755297e-01
1.81855753e-01 5.00000000e-01 -3.52375582e-02 -1.04542844e-01
1.82677567e-01 5.00000000e-01 -3.52792256e-02 -1.03983842e-01
1.83499798e-01 5.00000000e-01 -3.53202298e-02 -1.03255264e-01
1.84322029e-01 5.00000000e-01 -3.53612378e-02 -1.02511138e-01
1.85144231e-01 5.00000000e-01 -3.54017019e-02 -1.01846814e-01
1.85966581e-01 5.00000000e-01 -3.54415253e-02 -1.01291671e-01
1.86788932e-01 5.00000000e-01 -3.54813524e-02 -1.00828469e-01
1.87611491e-01 5.00000000e-01 -3.55205685e-02 -1.00414090e-01
1.88434005e-01 5.00000000e-01 -3.55585739e-02 -9.99945030e-02
1.89256534e-01 5.00000000e-01 -3.55965830e-02 -9.95250940e-02
1.90079331e-01 5.00000000e-01 -3.56343612e-02 -9.89827365e-02
1.90901965e-01 5.00000000e-01 -3.56711969e-02 -9.83820632e-02
1.91724598e-01 5.00000000e-01 -3.57080363e-02 -9.77982432e-02
1.92547768e-01 5.00000000e-01 -3.57448161e-02 -9.73675698e-02
1.93370521e-01 5.00000000e-01 -3.57801914e-02 -9.72574130e-02
1.94193274e-01 5.00000000e-01 -3.58155668e-02 -9.76118147e-02
1.95016041e-01 5.00000000e-01 -3.58509421e-02 -9.84731838e-02
1.95445135e-01 5.00000000e-01 -3.58689204e-02 -9.96902883e-02
1.95873678e-01 5.00000000e-01 -3.58867496e-02 -1.01079606e-01
1.96696535e-01 5.00000000e-01 -3.59209813e-02 -1.02297537e-01
1.97519392e-01 5.00000000e-01 -3.59552130e-02 -1.03138499e-01
1.98341802e-01 5.00000000e-01 -3.59883495e-02 -1.03468679e-01
1.99164778e-01 5.00000000e-01 -3.60211432e-02 -1.03301980e-01
1.99987754e-01 5.00000000e-01 -3.60539406e-02 -1.02762453e-01
2.00810432e-01 5.00000000e-01 -3.60859372e-02 -1.02023192e-01
2.01633513e-01 5.00000000e-01 -3.61173041e-02 -1.01238362e-01
2.02456594e-01 5.00000000e-01 -3.61486711e-02 -1.00508869e-01
2.03279555e-01 5.00000000e-01 -3.61795612e-02 -9.98784453e-02
2.04102740e-01 5.00000000e-01 -3.62095125e-02 -9.93481502e-02
2.04925924e-01 5.00000000e-01 -3.62394601e-02 -9.89032760e-02
2.05749124e-01 5.00000000e-01 -3.62692997e-02 -9.85263214e-02
2.06572384e-01 5.00000000e-01 -3.62981446e-02 -9.82017443e-02
2.07395658e-01 5.00000000e-01 -3.63269895e-02 -9.79183987e-02
2.08218932e-01 5.00000000e-01 -3.63558307e-02 -9.76637229e-02
2.09042430e-01 5.00000000e-01 -3.63835022e-02 -9.74217132e-02
2.09865794e-01 5.00000000e-01 -3.64109650e-02 -9.71690565e-02
2.10689157e-01 5.00000000e-01 -3.64384316e-02 -9.68787819e-02
2.11512879e-01 5.00000000e-01 -3.64650823e-02 -9.65211168e-02
2.12336332e-01 5.00000000e-01 -3.64911556e-02 -9.60671082e-02
2.13159785e-01 5.00000000e-01 -3.65172327e-02 -9.55066830e-02
2.13983610e-01 5.00000000e-01 -3.65429819e-02 -9.48669985e-02
2.14807123e-01 5.00000000e-01 -3.65679935e-02 -9.42302793e-02
2.15630636e-01 5.00000000e-01 -3.65930088e-02 -9.37447399e-02
2.16454729e-01 5.00000000e-01 -3.66180055e-02 -9.35949981e-02
2.17278332e-01 5.00000000e-01 -3.66416685e-02 -9.39361751e-02
2.18101934e-01 5.00000000e-01 -3.66653278e-02 -9.48183537e-02
2.18525559e-01 5.00000000e-01 -3.66774984e-02 -9.60823446e-02
2.18949199e-01 5.00000000e-01 -3.66896689e-02 -9.75218937e-02
2.19772324e-01 5.00000000e-01 -3.67125310e-02 -9.87554640e-02
2.20595986e-01 5.00000000e-01 -3.67351398e-02 -9.95459557e-02
2.21419647e-01 5.00000000e-01 -3.67577486e-02 -9.97382402e-02
2.22242802e-01 5.00000000e-01 -3.67797762e-02 -9.93475765e-02
2.23066539e-01 5.00000000e-01 -3.68010402e-02 -9.85291302e-02
2.23890275e-01 5.00000000e-01 -3.68223078e-02 -9.75001827e-02
2.24713609e-01 5.00000000e-01 -3.68434526e-02 -9.64617804e-02
2.25537404e-01 5.00000000e-01 -3.68634015e-02 -9.55447257e-02
2.26361200e-01 5.00000000e-01 -3.68833505e-02 -9.48042274e-02
2.27184996e-01 5.00000000e-01 -3.69032994e-02 -9.42356512e-02
2.28008598e-01 5.00000000e-01 -3.69224846e-02 -9.38042551e-02
2.28832439e-01 5.00000000e-01 -3.69413979e-02 -9.34668481e-02
2.29656279e-01 5.00000000e-01 -3.69603075e-02 -9.31887925e-02
2.30480000e-01 5.00000000e-01 -3.69788557e-02 -9.29464102e-02
2.31303886e-01 5.00000000e-01 -3.69967669e-02 -9.27242711e-02
2.32127771e-01 5.00000000e-01 -3.70146744e-02 -9.25138965e-02
2.32951671e-01 5.00000000e-01 -3.70325856e-02 -9.23082456e-02
2.33775511e-01 5.00000000e-01 -3.70492116e-02 -9.21006352e-02
2.34599456e-01 5.00000000e-01 -3.70658077e-02 -9.18825790e-02
2.35423401e-01 5.00000000e-01 -3.70824039e-02 -9.16478559e-02
2.36247361e-01 5.00000000e-01 -3.70984264e-02 -9.13923383e-02
2.37071350e-01 5.00000000e-01 -3.71140279e-02 -9.11136717e-02
2.37895325e-01 5.00000000e-01 -3.71296294e-02 -9.08138529e-02
2.38719404e-01 5.00000000e-01 -3.71450186e-02 -9.04976502e-02
2.39543423e-01 5.00000000e-01 -3.71593386e-02 -9.01694298e-02
2.40367457e-01 5.00000000e-01 -3.71736623e-02 -8.98357779e-02
2.41191491e-01 5.00000000e-01 -3.71879861e-02 -8.95019025e-02
2.42015660e-01 5.00000000e-01 -3.72015722e-02 -8.91721547e-02
2.42839724e-01 5.00000000e-01 -3.72149013e-02 -8.88479874e-02
2.43663788e-01 5.00000000e-01 -3.72282304e-02 -8.85312855e-02
2.44488031e-01 5.00000000e-01 -3.72412726e-02 -8.82229283e-02
2.45312125e-01 5.00000000e-01 -3.72536294e-02 -8.79210979e-02
2.46136218e-01 5.00000000e-01 -3.72659899e-02 -8.76235515e-02
2.46960312e-01 5.00000000e-01 -3.72783467e-02 -8.73256847e-02
2.47784734e-01 5.00000000e-01 -3.72896418e-02 -8.70225281e-02
2.48608857e-01 5.00000000e-01 -3.73007357e-02 -8.67082551e-02
2.49432981e-01 5.00000000e-01 -3.73118296e-02 -8.63817781e-02
2.50257403e-01 5.00000000e-01 -3.73225622e-02 -8.60457346e-02
2.51081556e-01 5.00000000e-01 -3.73326875e-02 -8.57042968e-02
2.51905710e-01 5.00000000e-01 -3.73428129e-02 -8.53641033e-02
2.52729863e-01 5.00000000e-01 -3.73529345e-02 -8.50299075e-02
2.53554344e-01 5.00000000e-01 -3.73622030e-02 -8.47042426e-02
2.54378498e-01 5.00000000e-01 -3.73713672e-02 -8.43854621e-02
2.55202681e-01 5.00000000e-01 -3.73805314e-02 -8.40717852e-02
2.56027222e-01 5.00000000e-01 -3.73893157e-02 -8.37607384e-02
2.56851405e-01 5.00000000e-01 -3.73975262e-02 -8.34480226e-02
2.57675618e-01 5.00000000e-01 -3.74057367e-02 -8.31300840e-02
2.58499801e-01 5.00000000e-01 -3.74139473e-02 -8.28019977e-02
2.59324491e-01 5.00000000e-01 -3.74210626e-02 -8.24592263e-02
2.60148734e-01 5.00000000e-01 -3.74280401e-02 -8.20963010e-02
2.60972947e-01 5.00000000e-01 -3.74350212e-02 -8.17124695e-02
2.61797547e-01 5.00000000e-01 -3.74416560e-02 -8.13139007e-02
2.62621790e-01 5.00000000e-01 -3.74476984e-02 -8.08984116e-02
2.63446033e-01 5.00000000e-01 -3.74537408e-02 -8.04675072e-02
2.64270276e-01 5.00000000e-01 -3.74597833e-02 -8.00157413e-02
2.65094936e-01 5.00000000e-01 -3.74650359e-02 -7.95291662e-02
2.65919179e-01 5.00000000e-01 -3.74701284e-02 -7.89830759e-02
2.66743422e-01 5.00000000e-01 -3.74752209e-02 -7.83541053e-02
2.67568111e-01 5.00000000e-01 -3.74800488e-02 -7.76348561e-02
2.68392384e-01 5.00000000e-01 -3.74842174e-02 -7.68550560e-02
2.69216627e-01 5.00000000e-01 -3.74883860e-02 -7.61098415e-02
2.70040899e-01 5.00000000e-01 -3.74925546e-02 -7.55602792e-02
2.70865589e-01 5.00000000e-01 -3.74960601e-02 -7.54030645e-02
2.71689862e-01 5.00000000e-01 -3.74993086e-02 -7.57979229e-02
2.72514135e-01 5.00000000e-01 -3.75025608e-02 -7.67848790e-02
2.72927880e-01 5.00000000e-01 -3.75041924e-02 -7.81819597e-02
2.73341179e-01 5.00000000e-01 -3.75056751e-02 -7.97435790e-02
2.74165451e-01 5.00000000e-01 -3.75079811e-02 -8.10559169e-02
2.74989724e-01 5.00000000e-01 -3.75102870e-02 -8.18489715e-02
2.75813997e-01 5.00000000e-01 -3.75125892e-02 -8.19595084e-02
2.76637673e-01 5.00000000e-01 -3.75142246e-02 -8.14156830e-02
2.77461976e-01 5.00000000e-01 -3.75153460e-02 -8.04037824e-02
2.78286248e-01 5.00000000e-01 -3.75164710e-02 -7.91804493e-02
2.79110521e-01 5.00000000e-01 -3.75175960e-02 -7.79813155e-02
2.79934466e-01 5.00000000e-01 -3.75180803e-02 -7.69605488e-02
2.80758768e-01 5.00000000e-01 -3.75185460e-02 -7.61742815e-02
2.81583041e-01 5.00000000e-01 -3.75190079e-02 -7.56036043e-02
2.82406896e-01 5.00000000e-01 -3.75191607e-02 -7.51874372e-02
2.83231169e-01 5.00000000e-01 -3.75187322e-02 -7.48520419e-02
2.84055442e-01 5.00000000e-01 -3.75183076e-02 -7.45353997e-02
2.84879714e-01 5.00000000e-01 -3.75178792e-02 -7.41975159e-02
2.85703421e-01 5.00000000e-01 -3.75165828e-02 -7.38280416e-02
2.86527693e-01 5.00000000e-01 -3.75149623e-02 -7.34450743e-02
2.87351966e-01 5.00000000e-01 -3.75133380e-02 -7.30903745e-02
2.88175941e-01 5.00000000e-01 -3.75116616e-02 -7.28088617e-02
2.89000213e-01 5.00000000e-01 -3.75094339e-02 -7.26237073e-02
2.89824486e-01 5.00000000e-01 -3.75072062e-02 -7.25178644e-02
2.90648758e-01 5.00000000e-01 -3.75049785e-02 -7.24311694e-02
2.91062027e-01 5.00000000e-01 -3.75038609e-02 -7.23175034e-02
2.91475743e-01 5.00000000e-01 -3.75023335e-02 -7.20563307e-02
2.92299986e-01 5.00000000e-01 -3.74991745e-02 -7.16440380e-02
2.93124259e-01 5.00000000e-01 -3.74960154e-02 -7.10517466e-02
2.93948531e-01 5.00000000e-01 -3.74928564e-02 -7.03362450e-02
2.94773221e-01 5.00000000e-01 -3.74890007e-02 -6.95770308e-02
2.95597464e-01 5.00000000e-01 -3.74849588e-02 -6.88416585e-02
2.96421736e-01 5.00000000e-01 -3.74809131e-02 -6.81744367e-02
2.97246397e-01 5.00000000e-01 -3.74767706e-02 -6.75904900e-02
2.98070669e-01 5.00000000e-01 -3.74718458e-02 -6.70823529e-02
2.98894912e-01 5.00000000e-01 -3.74669209e-02 -6.66367263e-02
2.99719155e-01 5.00000000e-01 -3.74619961e-02 -6.62386641e-02
3.00543696e-01 5.00000000e-01 -3.74567956e-02 -6.58756346e-02
3.01367938e-01 5.00000000e-01 -3.74512263e-02 -6.55350611e-02
3.02192181e-01 5.00000000e-01 -3.74456570e-02 -6.52057678e-02
3.03016424e-01 5.00000000e-01 -3.74400877e-02 -6.48760647e-02
3.03841114e-01 5.00000000e-01 -3.74336802e-02 -6.45364001e-02
3.04665327e-01 5.00000000e-01 -3.74269746e-02 -6.41787350e-02
3.05489570e-01 5.00000000e-01 -3.74202691e-02 -6.38022274e-02
3.06314051e-01 5.00000000e-01 -3.74135450e-02 -6.34107664e-02
3.07138264e-01 5.00000000e-01 -3.74061987e-02 -6.30102083e-02
3.07962477e-01 5.00000000e-01 -3.73988561e-02 -6.26082122e-02
3.08786690e-01 5.00000000e-01 -3.73915099e-02 -6.22102469e-02
3.09611201e-01 5.00000000e-01 -3.73838991e-02 -6.18194006e-02
3.10435385e-01 5.00000000e-01 -3.73756997e-02 -6.14343807e-02
3.11259597e-01 5.00000000e-01 -3.73674966e-02 -6.10541590e-02
3.12083781e-01 5.00000000e-01 -3.73592935e-02 -6.06771186e-02
3.12908262e-01 5.00000000e-01 -3.73505726e-02 -6.03032261e-02
3.13732445e-01 5.00000000e-01 -3.73414718e-02 -5.99318966e-02
3.14556628e-01 5.00000000e-01 -3.73323746e-02 -5.95649220e-02
3.15380782e-01 5.00000000e-01 -3.73232737e-02 -5.92030808e-02
3.16205114e-01 5.00000000e-01 -3.73136736e-02 -5.88461980e-02
3.17029297e-01 5.00000000e-01 -3.73039693e-02 -5.84912635e-02
3.17853451e-01 5.00000000e-01 -3.72942686e-02 -5.81353530e-02
3.18677813e-01 5.00000000e-01 -3.72844934e-02 -5.77757172e-02
3.19501966e-01 5.00000000e-01 -3.72739062e-02 -5.74088097e-02
3.20326120e-01 5.00000000e-01 -3.72633189e-02 -5.70343472e-02
3.21150243e-01 5.00000000e-01 -3.72527316e-02 -5.66527992e-02
3.21974546e-01 5.00000000e-01 -3.72418575e-02 -5.62659800e-02
3.22798669e-01 5.00000000e-01 -3.72303911e-02 -5.58737181e-02
3.23622793e-01 5.00000000e-01 -3.72189209e-02 -5.54770827e-02
3.24446917e-01 5.00000000e-01 -3.72074507e-02 -5.50754704e-02
3.25271100e-01 5.00000000e-01 -3.71956565e-02 -5.46677932e-02
3.26095194e-01 5.00000000e-01 -3.71835940e-02 -5.42514212e-02
3.26919317e-01 5.00000000e-01 -3.71715352e-02 -5.38259037e-02
3.27743411e-01 5.00000000e-01 -3.71594727e-02 -5.33924177e-02
3.28567565e-01 5.00000000e-01 -3.71467434e-02 -5.29552959e-02
3.29391628e-01 5.00000000e-01 -3.71338129e-02 -5.25190122e-02
3.30215722e-01 5.00000000e-01 -3.71208824e-02 -5.20897247e-02
3.31039786e-01 5.00000000e-01 -3.71079519e-02 -5.16703650e-02
3.31863850e-01 5.00000000e-01 -3.70944291e-02 -5.12598157e-02
3.32687914e-01 5.00000000e-01 -3.70808877e-02 -5.08515090e-02
3.33511978e-01 5.00000000e-01 -3.70673500e-02 -5.04380874e-02
3.34335953e-01 5.00000000e-01 -3.70536148e-02 -5.00144735e-02
3.35159987e-01 5.00000000e-01 -3.70389298e-02 -4.95786406e-02
3.35983992e-01 5.00000000e-01 -3.70242447e-02 -4.91373539e-02
3.36808026e-01 5.00000000e-01 -3.70095559e-02 -4.87016067e-02
3.37632000e-01 5.00000000e-01 -3.69947590e-02 -4.82836962e-02
3.38456005e-01 5.00000000e-01 -3.69797573e-02 -4.78921793e-02
3.39280009e-01 5.00000000e-01 -3.69647555e-02 -4.75302152e-02
3.40104014e-01 5.00000000e-01 -3.69497575e-02 -4.71943617e-02
3.40927839e-01 5.00000000e-01 -3.69342901e-02 -4.68770526e-02
3.41751814e-01 5.00000000e-01 -3.69184092e-02 -4.65672873e-02
3.42575788e-01 5.00000000e-01 -3.69025283e-02 -4.62558605e-02
3.43399763e-01 5.00000000e-01 -3.68866473e-02 -4.59340662e-02
3.44223469e-01 5.00000000e-01 -3.68701555e-02 -4.55941893e-02
3.45047414e-01 5.00000000e-01 -3.68534029e-02 -4.52271923e-02
3.45871359e-01 5.00000000e-01 -3.68366465e-02 -4.48272824e-02
3.46695304e-01 5.00000000e-01 -3.68198939e-02 -4.43947837e-02
3.47519010e-01 5.00000000e-01 -3.68026383e-02 -4.39436436e-02
3.48342925e-01 5.00000000e-01 -3.67852934e-02 -4.35044132e-02
3.49166840e-01 5.00000000e-01 -3.67679521e-02 -4.31215428e-02
3.49990517e-01 5.00000000e-01 -3.67506109e-02 -4.28362675e-02
3.50814402e-01 5.00000000e-01 -3.67326587e-02 -4.26627509e-02
3.51638287e-01 5.00000000e-01 -3.67147066e-02 -4.25712392e-02
3.52462173e-01 5.00000000e-01 -3.66967544e-02 -4.24872562e-02
3.52883100e-01 5.00000000e-01 -3.66875827e-02 -4.23604958e-02
3.53304446e-01 5.00000000e-01 -3.66782546e-02 -4.20529321e-02
3.54128271e-01 5.00000000e-01 -3.66594419e-02 -4.15684544e-02
3.54952127e-01 5.00000000e-01 -3.66406254e-02 -4.08761315e-02
3.55775982e-01 5.00000000e-01 -3.66218090e-02 -4.00458761e-02
3.56600076e-01 5.00000000e-01 -3.66028100e-02 -3.91725339e-02
3.57423902e-01 5.00000000e-01 -3.65833901e-02 -3.83371375e-02
3.58247727e-01 5.00000000e-01 -3.65639739e-02 -3.75907086e-02
3.59071523e-01 5.00000000e-01 -3.65445539e-02 -3.69474068e-02
3.59895617e-01 5.00000000e-01 -3.65247689e-02 -3.63968983e-02
3.60719383e-01 5.00000000e-01 -3.65044959e-02 -3.59153449e-02
3.61543179e-01 5.00000000e-01 -3.64842229e-02 -3.54817435e-02
3.62366945e-01 5.00000000e-01 -3.64639498e-02 -3.50785181e-02
3.63190800e-01 5.00000000e-01 -3.64434756e-02 -3.46919596e-02
3.64014566e-01 5.00000000e-01 -3.64228375e-02 -3.43084373e-02
3.64838332e-01 5.00000000e-01 -3.64021957e-02 -3.39148417e-02
3.65662098e-01 5.00000000e-01 -3.63815576e-02 -3.34985219e-02
3.66485953e-01 5.00000000e-01 -3.63602228e-02 -3.30516249e-02
3.67309660e-01 5.00000000e-01 -3.63385044e-02 -3.25710513e-02
3.68133366e-01 5.00000000e-01 -3.63167860e-02 -3.20649333e-02
3.68957072e-01 5.00000000e-01 -3.62950675e-02 -3.15476768e-02
3.69780779e-01 5.00000000e-01 -3.62730660e-02 -3.10369078e-02
3.70604455e-01 5.00000000e-01 -3.62509601e-02 -3.05472854e-02
3.71428162e-01 5.00000000e-01 -3.62288579e-02 -3.00883166e-02
3.72251838e-01 5.00000000e-01 -3.62067521e-02 -2.96615902e-02
3.73075426e-01 5.00000000e-01 -3.61839570e-02 -2.92624794e-02
3.73899043e-01 5.00000000e-01 -3.61610092e-02 -2.88801957e-02
3.74722689e-01 5.00000000e-01 -3.61380614e-02 -2.85036359e-02
3.75546336e-01 5.00000000e-01 -3.61151137e-02 -2.81211734e-02
3.76369774e-01 5.00000000e-01 -3.60913910e-02 -2.77235527e-02
3.77193361e-01 5.00000000e-01 -3.60675827e-02 -2.73041073e-02
3.78016949e-01 5.00000000e-01 -3.60437706e-02 -2.68655755e-02
3.78840536e-01 5.00000000e-01 -3.60199586e-02 -2.64170431e-02
3.79664004e-01 5.00000000e-01 -3.59958299e-02 -2.59871092e-02
3.80487591e-01 5.00000000e-01 -3.59716900e-02 -2.56084614e-02
3.81311148e-01 5.00000000e-01 -3.59475501e-02 -2.53107827e-02
3.82134348e-01 5.00000000e-01 -3.59233916e-02 -2.51015630e-02
3.82957876e-01 5.00000000e-01 -3.58983651e-02 -2.49494985e-02
3.83781403e-01 5.00000000e-01 -3.58733423e-02 -2.47872118e-02
3.84205669e-01 5.00000000e-01 -3.58604528e-02 -2.45740395e-02
3.84629935e-01 5.00000000e-01 -3.58475596e-02 -2.41839196e-02
3.85453731e-01 5.00000000e-01 -3.58224548e-02 -2.36299224e-02
3.86277199e-01 5.00000000e-01 -3.57968286e-02 -2.28831135e-02
3.87100697e-01 5.00000000e-01 -3.57712060e-02 -2.20127627e-02
3.87924165e-01 5.00000000e-01 -3.57455797e-02 -2.11087838e-02
3.88747871e-01 5.00000000e-01 -3.57198417e-02 -2.02502571e-02
3.89571309e-01 5.00000000e-01 -3.56935896e-02 -1.94805320e-02
3.90394747e-01 5.00000000e-01 -3.56673375e-02 -1.88094415e-02
3.91218185e-01 5.00000000e-01 -3.56410854e-02 -1.82191879e-02
3.92041802e-01 5.00000000e-01 -3.56146507e-02 -1.76809449e-02
3.92865181e-01 5.00000000e-01 -3.55875753e-02 -1.71639938e-02
3.93688559e-01 5.00000000e-01 -3.55605036e-02 -1.66486092e-02
3.94511968e-01 5.00000000e-01 -3.55334282e-02 -1.61247961e-02
3.95335376e-01 5.00000000e-01 -3.55062559e-02 -1.55923655e-02
3.96158725e-01 5.00000000e-01 -3.54787856e-02 -1.50562897e-02
3.96982104e-01 5.00000000e-01 -3.54513116e-02 -1.45250512e-02
3.97805452e-01 5.00000000e-01 -3.54238413e-02 -1.40056089e-02
3.98628771e-01 5.00000000e-01 -3.53961401e-02 -1.35018043e-02
3.99452060e-01 5.00000000e-01 -3.53678241e-02 -1.30102029e-02
4.00275379e-01 5.00000000e-01 -3.53395082e-02 -1.25239808e-02
4.01098669e-01 5.00000000e-01 -3.53111960e-02 -1.20317061e-02
4.01921809e-01 5.00000000e-01 -3.52826379e-02 -1.15225008e-02
4.02745068e-01 5.00000000e-01 -3.52534875e-02 -1.09900041e-02
4.03568298e-01 5.00000000e-01 -3.52243334e-02 -1.04436986e-02
4.04391557e-01 5.00000000e-01 -3.51951793e-02 -9.91087128e-03
4.05214667e-01 5.00000000e-01 -3.51659134e-02 -9.43342131e-03
4.06037867e-01 5.00000000e-01 -3.51363644e-02 -9.05146636e-03
4.06861097e-01 5.00000000e-01 -3.51068191e-02 -8.78203381e-03
4.07684326e-01 5.00000000e-01 -3.50772739e-02 -8.59942939e-03
4.08507228e-01 5.00000000e-01 -3.50475460e-02 -8.43451731e-03
4.08933908e-01 5.00000000e-01 -3.50319147e-02 -8.23573768e-03
4.09360558e-01 5.00000000e-01 -3.50162834e-02 -7.86805246e-03
4.10183728e-01 5.00000000e-01 -3.49861234e-02 -7.32994406e-03
4.11006898e-01 5.00000000e-01 -3.49559635e-02 -6.58679521e-03
4.11830396e-01 5.00000000e-01 -3.49254943e-02 -5.70271397e-03
4.12653506e-01 5.00000000e-01 -3.48944776e-02 -4.76225512e-03
4.13476616e-01 5.00000000e-01 -3.48634608e-02 -3.84558528e-03
4.14299727e-01 5.00000000e-01 -3.48324440e-02 -3.00049595e-03
4.15122956e-01 5.00000000e-01 -3.48012000e-02 -2.24045571e-03
4.15946037e-01 5.00000000e-01 -3.47695462e-02 -1.55045115e-03
4.16769087e-01 5.00000000e-01 -3.47378962e-02 -9.06902773e-04
4.17592138e-01 5.00000000e-01 -3.47062424e-02 -2.86261231e-04
4.18415248e-01 5.00000000e-01 -3.46743837e-02 3.26675858e-04
4.19238269e-01 5.00000000e-01 -3.46421264e-02 9.40140337e-04
4.20061260e-01 5.00000000e-01 -3.46098691e-02 1.55383151e-03
4.20884281e-01 5.00000000e-01 -3.45776118e-02 2.16548331e-03
4.21707213e-01 5.00000000e-01 -3.45450900e-02 2.77293311e-03
4.22530174e-01 5.00000000e-01 -3.45119797e-02 3.37912631e-03
4.23353106e-01 5.00000000e-01 -3.44788693e-02 3.98614677e-03
4.24176067e-01 5.00000000e-01 -3.44457626e-02 4.59420448e-03
4.24998879e-01 5.00000000e-01 -3.44125368e-02 5.19432081e-03
4.25821811e-01 5.00000000e-01 -3.43790166e-02 5.76537056e-03
4.26644713e-01 5.00000000e-01 -3.43454964e-02 6.27474347e-03
4.27467644e-01 5.00000000e-01 -3.43119763e-02 6.69250917e-03
4.28290188e-01 5.00000000e-01 -3.42782512e-02 7.01015163e-03
4.29113030e-01 5.00000000e-01 -3.42438854e-02 7.25935260e-03
4.29935873e-01 5.00000000e-01 -3.42095196e-02 7.50935217e-03
4.30364490e-01 5.00000000e-01 -3.41916196e-02 7.80496467e-03
4.30793077e-01 5.00000000e-01 -3.41737159e-02 8.27835035e-03
4.31616187e-01 5.00000000e-01 -3.41391712e-02 8.92214477e-03
4.32438970e-01 5.00000000e-01 -3.41041796e-02 9.77094099e-03
4.33261752e-01 5.00000000e-01 -3.40691879e-02 1.07589131e-02
4.34084564e-01 5.00000000e-01 -3.40341963e-02 1.17984545e-02
4.34907496e-01 5.00000000e-01 -3.39990556e-02 1.28115807e-02
4.35730219e-01 5.00000000e-01 -3.39634381e-02 1.37553513e-02
4.36552972e-01 5.00000000e-01 -3.39278206e-02 1.46179507e-02
4.37375695e-01 5.00000000e-01 -3.38922069e-02 1.54128317e-02
4.38198477e-01 5.00000000e-01 -3.38564701e-02 1.61622241e-02
4.39021170e-01 5.00000000e-01 -3.38202044e-02 1.68896113e-02
4.39843833e-01 5.00000000e-01 -3.37839350e-02 1.76096335e-02
4.40666527e-01 5.00000000e-01 -3.37476693e-02 1.83313582e-02
4.41489101e-01 5.00000000e-01 -3.37112956e-02 1.90571267e-02
4.42311704e-01 5.00000000e-01 -3.36741656e-02 1.97855048e-02
4.43134308e-01 5.00000000e-01 -3.36370319e-02 2.05026716e-02
4.43956912e-01 5.00000000e-01 -3.35998982e-02 2.11847946e-02
4.44779426e-01 5.00000000e-01 -3.35627459e-02 2.18007714e-02
4.45601970e-01 5.00000000e-01 -3.35252360e-02 2.23259181e-02
4.46424544e-01 5.00000000e-01 -3.34877297e-02 2.27573402e-02
4.47247118e-01 5.00000000e-01 -3.34502235e-02 2.31289454e-02
4.48069274e-01 5.00000000e-01 -3.34127285e-02 2.35089008e-02
4.48499709e-01 5.00000000e-01 -3.33926193e-02 2.39403509e-02
4.48930174e-01 5.00000000e-01 -3.33725102e-02 2.45474055e-02
4.49752659e-01 5.00000000e-01 -3.33340839e-02 2.53184531e-02
4.50575143e-01 5.00000000e-01 -3.32956575e-02 2.62820329e-02
4.51397628e-01 5.00000000e-01 -3.32572311e-02 2.73731761e-02
4.52220261e-01 5.00000000e-01 -3.32181863e-02 2.85056457e-02
4.53042686e-01 5.00000000e-01 -3.31791453e-02 2.96090804e-02
4.53865111e-01 5.00000000e-01 -3.31401043e-02 3.06407698e-02
4.54687536e-01 5.00000000e-01 -3.31010595e-02 3.15929167e-02
4.55509991e-01 5.00000000e-01 -3.30614224e-02 3.24797668e-02
4.56332356e-01 5.00000000e-01 -3.30217406e-02 3.33276652e-02
4.57154721e-01 5.00000000e-01 -3.29820551e-02 3.41583416e-02
4.57977086e-01 5.00000000e-01 -3.29423696e-02 3.49882990e-02
4.58799362e-01 5.00000000e-01 -3.29019390e-02 3.58252935e-02
4.59621638e-01 5.00000000e-01 -3.28613706e-02 3.66721563e-02
4.60443914e-01 5.00000000e-01 -3.28208022e-02 3.75175439e-02
4.61266190e-01 5.00000000e-01 -3.27802338e-02 3.83392535e-02
4.62088257e-01 5.00000000e-01 -3.27391811e-02 3.91055606e-02
4.62910473e-01 5.00000000e-01 -3.26979756e-02 3.97895724e-02
4.63732690e-01 5.00000000e-01 -3.26567665e-02 4.03819531e-02
4.64554906e-01 5.00000000e-01 -3.26155610e-02 4.09089513e-02
4.65376764e-01 5.00000000e-01 -3.25739272e-02 4.14323360e-02
4.65808779e-01 5.00000000e-01 -3.25519405e-02 4.19955626e-02
4.66240764e-01 5.00000000e-01 -3.25299501e-02 4.27208059e-02
4.67062920e-01 5.00000000e-01 -3.24881040e-02 4.36064526e-02
4.67885077e-01 5.00000000e-01 -3.24462578e-02 4.46859561e-02
4.68707412e-01 5.00000000e-01 -3.24039645e-02 4.59013544e-02
4.69529480e-01 5.00000000e-01 -3.23614515e-02 4.71770205e-02
4.70351577e-01 5.00000000e-01 -3.23189385e-02 4.84408326e-02
4.71173644e-01 5.00000000e-01 -3.22764255e-02 4.96501252e-02
4.71995771e-01 5.00000000e-01 -3.22335325e-02 5.07923402e-02
4.72817779e-01 5.00000000e-01 -3.21903564e-02 5.18817715e-02
4.73639786e-01 5.00000000e-01 -3.21471766e-02 5.29387519e-02
4.74461824e-01 5.00000000e-01 -3.21039967e-02 5.39838634e-02
4.75283712e-01 5.00000000e-01 -3.20604145e-02 5.50269932e-02
4.76105630e-01 5.00000000e-01 -3.20163593e-02 5.60677722e-02
4.76927549e-01 5.00000000e-01 -3.19723040e-02 5.70846722e-02
4.77749467e-01 5.00000000e-01 -3.19282487e-02 5.80452681e-02
4.78571147e-01 5.00000000e-01 -3.18839587e-02 5.89167550e-02
4.79393005e-01 5.00000000e-01 -3.18392403e-02 5.96894920e-02
4.80214834e-01 5.00000000e-01 -3.17945220e-02 6.03881143e-02
4.81036693e-01 5.00000000e-01 -3.17498036e-02 6.10786118e-02
4.81469959e-01 5.00000000e-01 -3.17262299e-02 6.18069768e-02
4.81903672e-01 5.00000000e-01 -3.17023285e-02 6.27059415e-02
4.82725412e-01 5.00000000e-01 -3.16566750e-02 6.37838692e-02
4.83547151e-01 5.00000000e-01 -3.16110253e-02 6.50806651e-02
4.84368890e-01 5.00000000e-01 -3.15653719e-02 6.65414706e-02
4.85190779e-01 5.00000000e-01 -3.15195732e-02 6.80837631e-02
4.86012459e-01 5.00000000e-01 -3.14732902e-02 6.96362853e-02
4.86834139e-01 5.00000000e-01 -3.14270109e-02 7.11494237e-02
4.87655789e-01 5.00000000e-01 -3.13807279e-02 7.26054758e-02
4.88477469e-01 5.00000000e-01 -3.13343704e-02 7.40048736e-02
4.89299059e-01 5.00000000e-01 -3.12874280e-02 7.53569827e-02
4.90120679e-01 5.00000000e-01 -3.12404875e-02 7.66587332e-02
4.90942270e-01 5.00000000e-01 -3.11935470e-02 7.79181197e-02
4.91763711e-01 5.00000000e-01 -3.11466120e-02 7.90932178e-02
4.92585242e-01 5.00000000e-01 -3.10989805e-02 8.01747665e-02
4.93406743e-01 5.00000000e-01 -3.10513508e-02 8.11723694e-02
4.94228274e-01 5.00000000e-01 -3.10037192e-02 8.21297765e-02
4.95049775e-01 5.00000000e-01 -3.09560895e-02 8.31193700e-02
4.95484352e-01 5.00000000e-01 -3.09304986e-02 8.41733143e-02
4.95919347e-01 5.00000000e-01 -3.09047829e-02 8.54177177e-02
4.96740758e-01 5.00000000e-01 -3.08562238e-02 8.68323073e-02
4.97562170e-01 5.00000000e-01 -3.08076628e-02 8.84510055e-02
4.98383552e-01 5.00000000e-01 -3.07591036e-02 9.02169272e-02
4.99205172e-01 5.00000000e-01 -3.07097770e-02 9.20521468e-02
5.00026464e-01 5.00000000e-01 -3.06603201e-02 9.38968286e-02
5.00847757e-01 5.00000000e-01 -3.06108631e-02 9.57086831e-02
5.01669049e-01 5.00000000e-01 -3.05614062e-02 9.74773467e-02
5.02490342e-01 5.00000000e-01 -3.05116270e-02 9.92114171e-02
5.03311574e-01 5.00000000e-01 -3.04617248e-02 1.00929931e-01
5.04132867e-01 5.00000000e-01 -3.04118227e-02 1.02640994e-01
5.04954100e-01 5.00000000e-01 -3.03619206e-02 1.04338244e-01
5.05775034e-01 5.00000000e-01 -3.03113293e-02 1.05995476e-01
5.06596148e-01 5.00000000e-01 -3.02602611e-02 1.07589565e-01
5.07417262e-01 5.00000000e-01 -3.02091930e-02 1.09099723e-01
5.08238316e-01 5.00000000e-01 -3.01581249e-02 1.10539936e-01
5.09059191e-01 5.00000000e-01 -3.01068556e-02 1.11962557e-01
5.09495497e-01 5.00000000e-01 -3.00794821e-02 1.13413282e-01
5.09931803e-01 5.00000000e-01 -3.00521087e-02 1.15023203e-01
5.10752797e-01 5.00000000e-01 -3.00005935e-02 1.16813019e-01
5.11573851e-01 5.00000000e-01 -2.99490783e-02 1.18840091e-01
5.12395203e-01 5.00000000e-01 -2.98970547e-02 1.21067122e-01
5.13216078e-01 5.00000000e-01 -2.98443772e-02 1.23442411e-01
5.14037013e-01 5.00000000e-01 -2.97916997e-02 1.25897721e-01
5.14857888e-01 5.00000000e-01 -2.97390223e-02 1.28385723e-01
5.15678763e-01 5.00000000e-01 -2.96861418e-02 1.30875289e-01
5.16499579e-01 5.00000000e-01 -2.96327807e-02 1.33354351e-01
5.17320395e-01 5.00000000e-01 -2.95794196e-02 1.35801732e-01
5.18141210e-01 5.00000000e-01 -2.95260586e-02 1.38195425e-01
5.18961847e-01 5.00000000e-01 -2.94725876e-02 1.40514925e-01
5.19782543e-01 5.00000000e-01 -2.94185113e-02 1.42769560e-01
5.20603299e-01 5.00000000e-01 -2.93644369e-02 1.44995972e-01
5.21423995e-01 5.00000000e-01 -2.93103606e-02 1.47273436e-01
5.21861374e-01 5.00000000e-01 -2.92815398e-02 1.49640054e-01
5.22299230e-01 5.00000000e-01 -2.92525869e-02 1.52275577e-01
5.23119867e-01 5.00000000e-01 -2.91975569e-02 1.55220777e-01
5.23940444e-01 5.00000000e-01 -2.91425269e-02 1.58621475e-01
5.24761021e-01 5.00000000e-01 -2.90874969e-02 1.62546605e-01
5.25581598e-01 5.00000000e-01 -2.90324669e-02 1.67059109e-01
5.26402295e-01 5.00000000e-01 -2.89765242e-02 1.72183946e-01
5.27222753e-01 5.00000000e-01 -2.89205760e-02 1.77861676e-01
5.28043211e-01 5.00000000e-01 -2.88646277e-02 1.83793828e-01
5.28863668e-01 5.00000000e-01 -2.88086776e-02 1.89385384e-01
5.29684007e-01 5.00000000e-01 -2.87521258e-02 1.93747997e-01
5.30504346e-01 5.00000000e-01 -2.86954604e-02 1.95961893e-01
5.31324744e-01 5.00000000e-01 -2.86387969e-02 1.95310831e-01
5.32145083e-01 5.00000000e-01 -2.85821315e-02 1.91655651e-01
5.32388866e-01 5.00000000e-01 -2.84245536e-02 1.42712280e-01
5.32446206e-01 5.00000000e-01 -2.76042856e-02 1.39289781e-01
5.32171965e-01 5.00000000e-01 -2.71615889e-02 1.69910863e-01
5.31383038e-01 5.00000000e-01 -2.69945953e-02 1.69370994e-01
5.30594111e-01 5.00000000e-01 -2.68276017e-02 1.67639539e-01
5.30116141e-01 5.00000000e-01 -2.67264321e-02 1.64991990e-01
5.29638171e-01 5.00000000e-01 -2.66252626e-02 1.61533192e-01
5.28849244e-01 5.00000000e-01 -2.64585465e-02 1.57909974e-01
5.28060019e-01 5.00000000e-01 -2.62922179e-02 1.54263616e-01
5.27270794e-01 5.00000000e-01 -2.61258874e-02 1.50831506e-01
5.26793063e-01 5.00000000e-01 -2.60251947e-02 1.47616208e-01
5.26315272e-01 5.00000000e-01 -2.59245019e-02 1.44616142e-01
5.25526226e-01 5.00000000e-01 -2.57585552e-02 1.41681239e-01
5.24736583e-01 5.00000000e-01 -2.55930740e-02 1.38779759e-01
5.23947000e-01 5.00000000e-01 -2.54275911e-02 1.35889396e-01
5.23157418e-01 5.00000000e-01 -2.52621099e-02 1.33020684e-01
5.22679865e-01 5.00000000e-01 -2.51620282e-02 1.30181014e-01
5.22202671e-01 5.00000000e-01 -2.50623766e-02 1.27413154e-01
5.21412671e-01 5.00000000e-01 -2.48977765e-02 1.24695979e-01
5.20622671e-01 5.00000000e-01 -2.47331746e-02 1.22052550e-01
5.19832671e-01 5.00000000e-01 -2.45685745e-02 1.19477242e-01
5.19042373e-01 5.00000000e-01 -2.44040322e-02 1.16960295e-01
5.18565297e-01 5.00000000e-01 -2.43050586e-02 1.14469178e-01
5.18088222e-01 5.00000000e-01 -2.42060851e-02 1.11979358e-01
5.17297924e-01 5.00000000e-01 -2.40421463e-02 1.09474704e-01
5.16507626e-01 5.00000000e-01 -2.38782074e-02 1.06961034e-01
5.15717208e-01 5.00000000e-01 -2.37143487e-02 1.04468845e-01
5.14926672e-01 5.00000000e-01 -2.35510431e-02 1.02017753e-01
5.14449716e-01 5.00000000e-01 -2.34525222e-02 9.96107161e-02
5.13972819e-01 5.00000000e-01 -2.33540013e-02 9.72507820e-02
5.13182282e-01 5.00000000e-01 -2.31906939e-02 9.49082449e-02
5.12391627e-01 5.00000000e-01 -2.30275691e-02 9.25936028e-02
5.11600614e-01 5.00000000e-01 -2.28653420e-02 9.02958065e-02
5.10809600e-01 5.00000000e-01 -2.27031149e-02 8.80246088e-02
5.10332942e-01 5.00000000e-01 -2.26053670e-02 8.57715309e-02
5.09856343e-01 5.00000000e-01 -2.25076173e-02 8.35104212e-02
5.09065390e-01 5.00000000e-01 -2.23454759e-02 8.12228918e-02
5.08274198e-01 5.00000000e-01 -2.21836586e-02 7.88975060e-02
5.07483006e-01 5.00000000e-01 -2.20218413e-02 7.65554383e-02
5.06691814e-01 5.00000000e-01 -2.18600240e-02 7.42257684e-02
5.06215334e-01 5.00000000e-01 -2.17625666e-02 7.19195008e-02
5.05739093e-01 5.00000000e-01 -2.16653869e-02 6.96634427e-02
5.04947483e-01 5.00000000e-01 -2.15046536e-02 6.74314871e-02
5.04155815e-01 5.00000000e-01 -2.13439204e-02 6.52389377e-02
5.03364205e-01 5.00000000e-01 -2.11831871e-02 6.30832612e-02
5.02888024e-01 5.00000000e-01 -2.10865047e-02 6.09534308e-02
5.02412021e-01 5.00000000e-01 -2.09899452e-02 5.88456243e-02
5.01620173e-01 5.00000000e-01 -2.08296254e-02 5.67404330e-02
5.00828385e-01 5.00000000e-01 -2.06693038e-02 5.46444058e-02
5.00036538e-01 5.00000000e-01 -2.05089841e-02 5.25689758e-02
4.99244452e-01 5.00000000e-01 -2.03486066e-02 5.05323075e-02
4.98768628e-01 5.00000000e-01 -2.02528071e-02 4.85237241e-02
4.98292774e-01 5.00000000e-01 -2.01570075e-02 4.65464778e-02
4.97500628e-01 5.00000000e-01 -1.99975185e-02 4.45764884e-02
4.96708453e-01 5.00000000e-01 -1.98380295e-02 4.26139720e-02
4.95916158e-01 5.00000000e-01 -1.96785275e-02 4.06676680e-02
4.95123625e-01 5.00000000e-01 -1.95199028e-02 3.87412496e-02
4.94648039e-01 5.00000000e-01 -1.94247160e-02 3.68372649e-02
4.94172484e-01 5.00000000e-01 -1.93295293e-02 3.49536948e-02
4.93379950e-01 5.00000000e-01 -1.91709045e-02 3.30705494e-02
4.92587447e-01 5.00000000e-01 -1.90123059e-02 3.11884265e-02
4.91794676e-01 5.00000000e-01 -1.88543201e-02 2.93062460e-02
4.91001874e-01 5.00000000e-01 -1.86963342e-02 2.74357088e-02
4.90526468e-01 5.00000000e-01 -1.86016019e-02 2.55774315e-02
4.90051091e-01 5.00000000e-01 -1.85068678e-02 2.37229914e-02
4.89258468e-01 5.00000000e-01 -1.83489434e-02 2.18585581e-02
4.88465399e-01 5.00000000e-01 -1.81915723e-02 1.99749284e-02
4.87672359e-01 5.00000000e-01 -1.80342011e-02 1.80843063e-02
4.86879319e-01 5.00000000e-01 -1.78768281e-02 1.62048303e-02
4.86404091e-01 5.00000000e-01 -1.77825298e-02 1.43428761e-02
4.85929161e-01 5.00000000e-01 -1.76883228e-02 1.25134150e-02
4.85135883e-01 5.00000000e-01 -1.75315384e-02 1.07049169e-02
4.84342575e-01 5.00000000e-01 -1.73747558e-02 8.93648341e-03
4.83549297e-01 5.00000000e-01 -1.72179714e-02 7.22629530e-03
4.82755989e-01 5.00000000e-01 -1.70611870e-02 5.58852265e-03
4.82280940e-01 5.00000000e-01 -1.69677530e-02 4.01029829e-03
4.81806159e-01 5.00000000e-01 -1.68744810e-02 2.46194098e-03
4.81012523e-01 5.00000000e-01 -1.67185646e-02 8.91241187e-04
4.80218887e-01 5.00000000e-01 -1.65626500e-02 -7.25199585e-04
4.79425222e-01 5.00000000e-01 -1.64067335e-02 -2.39007897e-03
4.78631258e-01 5.00000000e-01 -1.62513647e-02 -4.07726737e-03
4.77837384e-01 5.00000000e-01 -1.60960667e-02 -5.76403551e-03
4.77362782e-01 5.00000000e-01 -1.60032269e-02 -7.43788155e-03
4.76888180e-01 5.00000000e-01 -1.59103889e-02 -9.10377596e-03
4.76094276e-01 5.00000000e-01 -1.57550909e-02 -1.07769193e-02
4.75300163e-01 5.00000000e-01 -1.56005714e-02 -1.24508515e-02
4.74505931e-01 5.00000000e-01 -1.54460883e-02 -1.41180074e-02
4.73711699e-01 5.00000000e-01 -1.52916051e-02 -1.57564133e-02
4.73237336e-01 5.00000000e-01 -1.51993399e-02 -1.73674766e-02
4.72762972e-01 5.00000000e-01 -1.51070738e-02 -1.89586114e-02
4.71968710e-01 5.00000000e-01 -1.49532324e-02 -2.05481947e-02
4.71174240e-01 5.00000000e-01 -1.47993714e-02 -2.21413169e-02
4.70379770e-01 5.00000000e-01 -1.46455103e-02 -2.37265713e-02
4.69585270e-01 5.00000000e-01 -1.44916493e-02 -2.52990164e-02
4.69111025e-01 5.00000000e-01 -1.44000743e-02 -2.68615093e-02
4.68637049e-01 5.00000000e-01 -1.43086808e-02 -2.84621213e-02
4.67842311e-01 5.00000000e-01 -1.41554400e-02 -3.01197227e-02
4.67047572e-01 5.00000000e-01 -1.40022002e-02 -3.18465717e-02
4.66252863e-01 5.00000000e-01 -1.38489595e-02 -3.36118266e-02
4.65457767e-01 5.00000000e-01 -1.36961937e-02 -3.53654325e-02
4.64983970e-01 5.00000000e-01 -1.36052184e-02 -3.70909236e-02
4.64510173e-01 5.00000000e-01 -1.35142431e-02 -3.87525447e-02
4.63715196e-01 5.00000000e-01 -1.33616021e-02 -4.03707847e-02
4.62920219e-01 5.00000000e-01 -1.32089602e-02 -4.19318974e-02
4.62125033e-01 5.00000000e-01 -1.30568417e-02 -4.34296690e-02
4.61329848e-01 5.00000000e-01 -1.29047949e-02 -4.48634326e-02
4.60856199e-01 5.00000000e-01 -1.28142349e-02 -4.62480597e-02
4.60382581e-01 5.00000000e-01 -1.27236759e-02 -4.76037487e-02
4.59587365e-01 5.00000000e-01 -1.25716291e-02 -4.89776954e-02
4.58792090e-01 5.00000000e-01 -1.24203861e-02 -5.03855832e-02
4.57996547e-01 5.00000000e-01 -1.22691663e-02 -5.18333949e-02
4.57201004e-01 5.00000000e-01 -1.21179456e-02 -5.32962270e-02
4.56405491e-01 5.00000000e-01 -1.19667258e-02 -5.47498725e-02
4.55931991e-01 5.00000000e-01 -1.18769677e-02 -5.61859049e-02
4.55458790e-01 5.00000000e-01 -1.17874043e-02 -5.76206744e-02
4.54663038e-01 5.00000000e-01 -1.16367862e-02 -5.90691827e-02
4.53867257e-01 5.00000000e-01 -1.14861680e-02 -6.05330132e-02
4.53071505e-01 5.00000000e-01 -1.13355489e-02 -6.20003752e-02
4.52275366e-01 5.00000000e-01 -1.11853788e-02 -6.34585843e-02
4.51802343e-01 5.00000000e-01 -1.10962158e-02 -6.49143681e-02
4.51329321e-01 5.00000000e-01 -1.10070529e-02 -6.64011240e-02
4.50533330e-01 5.00000000e-01 -1.08570103e-02 -6.79390207e-02
4.49737340e-01 5.00000000e-01 -1.07069677e-02 -6.95386305e-02
4.48940992e-01 5.00000000e-01 -1.05576841e-02 -7.11675510e-02
4.48144674e-01 5.00000000e-01 -1.04085002e-02 -7.27878734e-02
4.47671920e-01 5.00000000e-01 -1.03199352e-02 -7.43770823e-02
4.47199166e-01 5.00000000e-01 -1.02313692e-02 -7.59034902e-02
4.46402818e-01 5.00000000e-01 -1.00821853e-02 -7.73857832e-02
4.45606440e-01 5.00000000e-01 -9.93334968e-03 -7.88064897e-02
4.44809973e-01 5.00000000e-01 -9.78451595e-03 -8.01606253e-02
4.44013506e-01 5.00000000e-01 -9.63568222e-03 -8.14419910e-02
4.43540871e-01 5.00000000e-01 -9.54735931e-03 -8.26702789e-02
4.43068623e-01 5.00000000e-01 -9.45912581e-03 -8.38714689e-02
4.42271859e-01 5.00000000e-01 -9.31110326e-03 -8.51042867e-02
4.41475064e-01 5.00000000e-01 -9.16308165e-03 -8.63911360e-02
4.40678299e-01 5.00000000e-01 -9.01505910e-03 -8.77333432e-02
4.39881504e-01 5.00000000e-01 -8.86703748e-03 -8.91077220e-02
4.39084351e-01 5.00000000e-01 -8.71953182e-03 -9.04874429e-02
4.38612133e-01 5.00000000e-01 -8.63219332e-03 -9.18681622e-02
4.38139915e-01 5.00000000e-01 -8.54485482e-03 -9.32687670e-02
4.37342912e-01 5.00000000e-01 -8.39744229e-03 -9.46993753e-02
4.36545909e-01 5.00000000e-01 -8.25003069e-03 -9.61546972e-02
4.35748666e-01 5.00000000e-01 -8.10318626e-03 -9.75937173e-02
4.34951425e-01 5.00000000e-01 -7.95635860e-03 -9.89767760e-02
4.34479386e-01 5.00000000e-01 -7.86942337e-03 -1.00299262e-01
4.34007376e-01 5.00000000e-01 -7.78248860e-03 -1.01563148e-01
4.33210284e-01 5.00000000e-01 -7.63572240e-03 -1.02828018e-01
4.32412833e-01 5.00000000e-01 -7.48948148e-03 -1.04118586e-01
4.31615353e-01 5.00000000e-01 -7.34324055e-03 -1.05442181e-01
4.30817902e-01 5.00000000e-01 -7.19699962e-03 -1.06782094e-01
4.30020452e-01 5.00000000e-01 -7.05075869e-03 -1.08118147e-01
4.29548472e-01 5.00000000e-01 -6.96466863e-03 -1.09442413e-01
4.29076850e-01 5.00000000e-01 -6.87868707e-03 -1.10785328e-01
4.28279102e-01 5.00000000e-01 -6.73324149e-03 -1.12160183e-01
4.27481353e-01 5.00000000e-01 -6.58779638e-03 -1.13565475e-01
4.26683515e-01 5.00000000e-01 -6.44235360e-03 -1.14963852e-01
4.25885588e-01 5.00000000e-01 -6.29729358e-03 -1.16313413e-01
4.25414115e-01 5.00000000e-01 -6.21157745e-03 -1.17606744e-01
4.24942613e-01 5.00000000e-01 -6.12586131e-03 -1.18839227e-01
4.24144715e-01 5.00000000e-01 -5.98080130e-03 -1.20068908e-01
4.23346847e-01 5.00000000e-01 -5.83586609e-03 -1.21313900e-01
4.22548652e-01 5.00000000e-01 -5.69160422e-03 -1.22594021e-01
4.21750456e-01 5.00000000e-01 -5.54734189e-03 -1.23899013e-01
4.20952231e-01 5.00000000e-01 -5.40308002e-03 -1.25217020e-01
4.20480996e-01 5.00000000e-01 -5.31791244e-03 -1.26542330e-01
4.20009971e-01 5.00000000e-01 -5.23292273e-03 -1.27900705e-01
4.19211537e-01 5.00000000e-01 -5.08923083e-03 -1.29301116e-01
4.18413132e-01 5.00000000e-01 -4.94553940e-03 -1.30735397e-01
4.17614698e-01 5.00000000e-01 -4.80184751e-03 -1.32157296e-01
4.16816056e-01 5.00000000e-01 -4.65821661e-03 -1.33511275e-01
4.16345179e-01 5.00000000e-01 -4.57384996e-03 -1.34795547e-01
4.15874302e-01 5.00000000e-01 -4.48948331e-03 -1.35990977e-01
4.15075660e-01 5.00000000e-01 -4.34638839e-03 -1.37156144e-01
4.14277047e-01 5.00000000e-01 -4.20329347e-03 -1.38296485e-01
4.13478285e-01 5.00000000e-01 -4.06041695e-03 -1.39414966e-01
4.12679344e-01 5.00000000e-01 -3.91812995e-03 -1.40503824e-01
4.11880404e-01 5.00000000e-01 -3.77584272e-03 -1.41554147e-01
4.11409795e-01 5.00000000e-01 -3.69202881e-03 -1.42580494e-01
4.10939187e-01 5.00000000e-01 -3.60821490e-03 -1.43648043e-01
4.10140336e-01 5.00000000e-01 -3.46618542e-03 -1.44803971e-01
4.09341186e-01 5.00000000e-01 -3.32447654e-03 -1.46089122e-01
4.08542037e-01 5.00000000e-01 -3.18276743e-03 -1.47478163e-01
4.07742888e-01 5.00000000e-01 -3.04105855e-03 -1.48914799e-01
4.06943530e-01 5.00000000e-01 -2.89944559e-03 -1.50344759e-01
4.06473219e-01 5.00000000e-01 -2.81627779e-03 -1.51754767e-01
4.06002879e-01 5.00000000e-01 -2.73310999e-03 -1.53152704e-01
4.05203611e-01 5.00000000e-01 -2.59176851e-03 -1.54561222e-01
4.04404312e-01 5.00000000e-01 -2.45042704e-03 -1.55971676e-01
4.03604805e-01 5.00000000e-01 -2.30944040e-03 -1.57345876e-01
4.02805239e-01 5.00000000e-01 -2.16889009e-03 -1.58647537e-01
4.02335167e-01 5.00000000e-01 -2.08626199e-03 -1.59876749e-01
4.01865095e-01 5.00000000e-01 -2.00363365e-03 -1.61039174e-01
4.01065528e-01 5.00000000e-01 -1.86308334e-03 -1.62207916e-01
4.00265962e-01 5.00000000e-01 -1.72304537e-03 -1.63408160e-01
3.99466097e-01 5.00000000e-01 -1.58329098e-03 -1.64655045e-01
3.98666233e-01 5.00000000e-01 -1.44353672e-03 -1.65919855e-01
3.97866368e-01 5.00000000e-01 -1.30378234e-03 -1.67162687e-01
3.97396535e-01 5.00000000e-01 -1.22175808e-03 -1.68370783e-01
3.96926850e-01 5.00000000e-01 -1.13992509e-03 -1.69547394e-01
3.96126866e-01 5.00000000e-01 -1.00054336e-03 -1.70736700e-01
3.95326853e-01 5.00000000e-01 -8.61161738e-04 -1.71958700e-01
3.94526869e-01 5.00000000e-01 -7.21780059e-04 -1.73219189e-01
3.93726528e-01 5.00000000e-01 -5.82939072e-04 -1.74499765e-01
3.92926276e-01 5.00000000e-01 -4.44334437e-04 -1.75788909e-01
3.92456829e-01 5.00000000e-01 -3.63029190e-04 -1.77078381e-01
3.91987383e-01 5.00000000e-01 -2.81723944e-04 -1.78392351e-01
3.91187102e-01 5.00000000e-01 -1.43119309e-04 -1.79737195e-01
3.90386760e-01 5.00000000e-01 -5.05414391e-06 -1.81101725e-01
3.89586270e-01 5.00000000e-01 1.32960224e-04 -1.82444975e-01
3.88785779e-01 5.00000000e-01 2.70974589e-04 -1.83715701e-01
3.88316542e-01 5.00000000e-01 3.51879542e-04 -1.84913650e-01
3.87847573e-01 5.00000000e-01 4.32706001e-04 -1.86040774e-01
3.87046874e-01 5.00000000e-01 5.70151838e-04 -1.87173709e-01
3.86246204e-01 5.00000000e-01 7.07597705e-04 -1.88338086e-01
3.85445505e-01 5.00000000e-01 8.45043571e-04 -1.89546078e-01
3.84644657e-01 5.00000000e-01 9.82475351e-04 -1.90777361e-01
3.83843660e-01 5.00000000e-01 1.11908582e-03 -1.91987053e-01
3.83374870e-01 5.00000000e-01 1.19904080e-03 -1.93162262e-01
3.82906079e-01 5.00000000e-01 1.27899577e-03 -1.94319382e-01
3.82105112e-01 5.00000000e-01 1.41560624e-03 -1.95514306e-01
3.81304145e-01 5.00000000e-01 1.55213685e-03 -1.96774811e-01
3.80503058e-01 5.00000000e-01 1.68843626e-03 -1.98095799e-01
3.79701972e-01 5.00000000e-01 1.82473555e-03 -1.99429721e-01
3.78900886e-01 5.00000000e-01 1.96103496e-03 -2.00720742e-01
3.78432184e-01 5.00000000e-01 2.04077968e-03 -2.01957166e-01
3.77963811e-01 5.00000000e-01 2.12011300e-03 -2.03136638e-01
3.77162427e-01 5.00000000e-01 2.25559599e-03 -2.04326794e-01
3.76361072e-01 5.00000000e-01 2.39107898e-03 -2.05549404e-01
3.75559688e-01 5.00000000e-01 2.52656196e-03 -2.06810013e-01
3.74758065e-01 5.00000000e-01 2.66171643e-03 -2.08077267e-01
3.73956412e-01 5.00000000e-01 2.79640197e-03 -2.09317952e-01
3.73488247e-01 5.00000000e-01 2.87505891e-03 -2.10523054e-01
3.73020083e-01 5.00000000e-01 2.95371609e-03 -2.11708978e-01
3.72218430e-01 5.00000000e-01 3.08840163e-03 -2.12926894e-01
3.71416777e-01 5.00000000e-01 3.22283967e-03 -2.14198113e-01
3.70614976e-01 5.00000000e-01 3.35716037e-03 -2.15512693e-01
3.69813204e-01 5.00000000e-01 3.49148084e-03 -2.16821656e-01
3.69011432e-01 5.00000000e-01 3.62580130e-03 -2.18073338e-01
3.68543357e-01 5.00000000e-01 3.70392925e-03 -2.19260812e-01
3.68075639e-01 5.00000000e-01 3.78165487e-03 -2.20402658e-01
3.67273509e-01 5.00000000e-01 3.91495414e-03 -2.21568525e-01
3.66471380e-01 5.00000000e-01 4.04825294e-03 -2.22789764e-01
3.65669250e-01 5.00000000e-01 4.18155221e-03 -2.24070042e-01
3.64866972e-01 5.00000000e-01 4.31454228e-03 -2.25369841e-01
3.64064753e-01 5.00000000e-01 4.44749370e-03 -2.26639792e-01
3.63597155e-01 5.00000000e-01 4.52498579e-03 -2.27865264e-01
3.63129556e-01 5.00000000e-01 4.60247835e-03 -2.29047224e-01
3.62327486e-01 5.00000000e-01 4.73528402e-03 -2.30241314e-01
3.61524969e-01 5.00000000e-01 4.86742472e-03 -2.31475622e-01
3.60722452e-01 5.00000000e-01 4.99956543e-03 -2.32750416e-01
3.59919936e-01 5.00000000e-01 5.13170613e-03 -2.34032989e-01
3.59117150e-01 5.00000000e-01 5.26376674e-03 -2.35280424e-01
3.58650029e-01 5.00000000e-01 5.34033356e-03 -2.36488193e-01
3.58182877e-01 5.00000000e-01 5.41689992e-03 -2.37666756e-01
3.57380152e-01 5.00000000e-01 5.54846879e-03 -2.38872141e-01
3.56577456e-01 5.00000000e-01 5.68003766e-03 -2.40130305e-01
3.55774641e-01 5.00000000e-01 5.81123820e-03 -2.41437226e-01
3.54971647e-01 5.00000000e-01 5.94198844e-03 -2.42760077e-01
3.54168653e-01 5.00000000e-01 6.07273867e-03 -2.44052350e-01
3.53701770e-01 5.00000000e-01 6.14875881e-03 -2.45304838e-01
3.53234917e-01 5.00000000e-01 6.22477895e-03 -2.46528536e-01
3.52432042e-01 5.00000000e-01 6.35508494e-03 -2.47773573e-01
3.51628840e-01 5.00000000e-01 6.48525544e-03 -2.49059752e-01
3.50825667e-01 5.00000000e-01 6.61542639e-03 -2.50368178e-01
3.50022495e-01 5.00000000e-01 6.74559688e-03 -2.51642644e-01
3.49219024e-01 5.00000000e-01 6.87534362e-03 -2.52821595e-01
3.48752528e-01 5.00000000e-01 6.95060566e-03 -2.53909111e-01
3.48286062e-01 5.00000000e-01 7.02586817e-03 -2.54908353e-01
3.47482681e-01 5.00000000e-01 7.15548080e-03 -2.55915284e-01
3.46679449e-01 5.00000000e-01 7.28501286e-03 -2.56968528e-01
3.45875800e-01 5.00000000e-01 7.41379522e-03 -2.58096099e-01
3.45072180e-01 5.00000000e-01 7.54257711e-03 -2.59267986e-01
3.44268531e-01 5.00000000e-01 7.67135946e-03 -2.60430217e-01
3.43464434e-01 5.00000000e-01 7.80004542e-03 -2.61546820e-01
3.42998505e-01 5.00000000e-01 7.87420012e-03 -2.62633979e-01
3.42532575e-01 5.00000000e-01 7.94835389e-03 -2.63773203e-01
3.41728657e-01 5.00000000e-01 8.07629991e-03 -2.65033126e-01
3.40924770e-01 5.00000000e-01 8.20424501e-03 -2.66461313e-01
3.40120792e-01 5.00000000e-01 8.33205040e-03 -2.68019319e-01
3.39316756e-01 5.00000000e-01 8.45969748e-03 -2.69616425e-01
3.38512749e-01 5.00000000e-01 8.58734455e-03 -2.71153837e-01
3.38046938e-01 5.00000000e-01 8.66130087e-03 -2.72607684e-01
3.37581098e-01 5.00000000e-01 8.73525720e-03 -2.73955256e-01
3.36777240e-01 5.00000000e-01 8.86199158e-03 -2.75272250e-01
3.35972875e-01 5.00000000e-01 8.98854528e-03 -2.76578098e-01
3.35168481e-01 5.00000000e-01 9.11509991e-03 -2.77873725e-01
3.34364116e-01 5.00000000e-01 9.24165454e-03 -2.79123426e-01
3.33559453e-01 5.00000000e-01 9.36769415e-03 -2.80281335e-01
3.33094180e-01 5.00000000e-01 9.44054406e-03 -2.81356931e-01
3.32628936e-01 5.00000000e-01 9.51339398e-03 -2.82364100e-01
3.31824362e-01 5.00000000e-01 9.63936932e-03 -2.83396989e-01
3.31019908e-01 5.00000000e-01 9.76511743e-03 -2.84501404e-01
3.30215097e-01 5.00000000e-01 9.89026390e-03 -2.85706878e-01
3.29410285e-01 5.00000000e-01 1.00154104e-02 -2.86982685e-01
3.28605443e-01 5.00000000e-01 1.01405559e-02 -2.88270265e-01
3.27800333e-01 5.00000000e-01 1.02655049e-02 -2.89524078e-01
3.27335537e-01 5.00000000e-01 1.03374356e-02 -2.90748328e-01
3.26870740e-01 5.00000000e-01 1.04093673e-02 -2.91997433e-01
3.26065749e-01 5.00000000e-01 1.05339494e-02 -2.93323904e-01
3.25260758e-01 5.00000000e-01 1.06585314e-02 -2.94749051e-01
3.24455589e-01 5.00000000e-01 1.07824747e-02 -2.96220541e-01
3.23650330e-01 5.00000000e-01 1.09062148e-02 -2.97650456e-01
3.22845042e-01 5.00000000e-01 1.10299541e-02 -2.98950612e-01
3.22380543e-01 5.00000000e-01 1.11013306e-02 -3.00125420e-01
3.21916431e-01 5.00000000e-01 1.11725610e-02 -3.01185757e-01
3.21110904e-01 5.00000000e-01 1.12954564e-02 -3.02262217e-01
3.20305377e-01 5.00000000e-01 1.14183519e-02 -3.03407997e-01
3.19499850e-01 5.00000000e-01 1.15412474e-02 -3.04659277e-01
3.18694204e-01 5.00000000e-01 1.16639771e-02 -3.05987358e-01
3.17888498e-01 5.00000000e-01 1.17862970e-02 -3.07333320e-01
3.17082792e-01 5.00000000e-01 1.19086159e-02 -3.08646142e-01
3.16618770e-01 5.00000000e-01 1.19790612e-02 -3.09923559e-01
3.16154748e-01 5.00000000e-01 1.20495055e-02 -3.11219096e-01
3.15349162e-01 5.00000000e-01 1.21712033e-02 -3.12585920e-01
3.14543188e-01 5.00000000e-01 1.22926664e-02 -3.14053595e-01
3.13737214e-01 5.00000000e-01 1.24141295e-02 -3.15572351e-01
3.12931240e-01 5.00000000e-01 1.25355925e-02 -3.17050546e-01
3.12124848e-01 5.00000000e-01 1.26563460e-02 -3.18402350e-01
3.11661422e-01 5.00000000e-01 1.27256941e-02 -3.19636732e-01
3.11197966e-01 5.00000000e-01 1.27950422e-02 -3.20771187e-01
3.10391754e-01 5.00000000e-01 1.29156848e-02 -3.21934551e-01
3.09585631e-01 5.00000000e-01 1.30361291e-02 -3.23186964e-01
3.08779210e-01 5.00000000e-01 1.31561635e-02 -3.24562967e-01
3.07972789e-01 5.00000000e-01 1.32761970e-02 -3.26016337e-01
3.07166398e-01 5.00000000e-01 1.33962305e-02 -3.27451795e-01
3.06359440e-01 5.00000000e-01 1.35157276e-02 -3.28778833e-01
3.05896580e-01 5.00000000e-01 1.35839684e-02 -3.30000848e-01
3.05433750e-01 5.00000000e-01 1.36522092e-02 -3.31134319e-01
3.04627001e-01 5.00000000e-01 1.37711549e-02 -3.32301259e-01
3.03820252e-01 5.00000000e-01 1.38900997e-02 -3.33563238e-01
3.03013444e-01 5.00000000e-01 1.40084410e-02 -3.34948897e-01
3.02206516e-01 5.00000000e-01 1.41267674e-02 -3.36418212e-01
3.01399589e-01 5.00000000e-01 1.42450947e-02 -3.37876946e-01
3.00592244e-01 5.00000000e-01 1.43632777e-02 -3.39237004e-01
3.00129920e-01 5.00000000e-01 1.44305676e-02 -3.40498656e-01
2.99667597e-01 5.00000000e-01 1.44978585e-02 -3.41677606e-01
2.98860401e-01 5.00000000e-01 1.46153402e-02 -3.42890441e-01
2.98053235e-01 5.00000000e-01 1.47328218e-02 -3.44197244e-01
2.97245949e-01 5.00000000e-01 1.48497308e-02 -3.45624834e-01
2.96438515e-01 5.00000000e-01 1.49663649e-02 -3.47135007e-01
2.95631081e-01 5.00000000e-01 1.50830001e-02 -3.48633856e-01
2.94823646e-01 5.00000000e-01 1.51996352e-02 -3.50036562e-01
2.94361532e-01 5.00000000e-01 1.52658876e-02 -3.51336539e-01
2.93899804e-01 5.00000000e-01 1.53320497e-02 -3.52559120e-01
2.93092132e-01 5.00000000e-01 1.54477898e-02 -3.53819817e-01
2.92284429e-01 5.00000000e-01 1.55635290e-02 -3.55180889e-01
2.91476697e-01 5.00000000e-01 1.56790204e-02 -3.56668949e-01
2.90668815e-01 5.00000000e-01 1.57941822e-02 -3.58239621e-01
2.89860964e-01 5.00000000e-01 1.59093421e-02 -3.59791100e-01
2.89053083e-01 5.00000000e-01 1.60245039e-02 -3.61228555e-01
2.88591504e-01 5.00000000e-01 1.60899199e-02 -3.62544209e-01
2.88130403e-01 5.00000000e-01 1.61549654e-02 -3.63752454e-01
2.87322223e-01 5.00000000e-01 1.62689760e-02 -3.64978910e-01
2.86514014e-01 5.00000000e-01 1.63829867e-02 -3.66287321e-01
2.85705775e-01 5.00000000e-01 1.64967980e-02 -3.67719382e-01
2.84897327e-01 5.00000000e-01 1.66099537e-02 -3.69250566e-01
2.84088910e-01 5.00000000e-01 1.67231076e-02 -3.70794326e-01
2.83280462e-01 5.00000000e-01 1.68362614e-02 -3.72264177e-01
2.82819629e-01 5.00000000e-01 1.69006605e-02 -3.73644531e-01
2.82359064e-01 5.00000000e-01 1.69647485e-02 -3.74941438e-01
2.81550437e-01 5.00000000e-01 1.70772709e-02 -3.76254678e-01
2.80741841e-01 5.00000000e-01 1.71897914e-02 -3.77631754e-01
2.79933214e-01 5.00000000e-01 1.73022095e-02 -3.79091829e-01
2.79124260e-01 5.00000000e-01 1.74135957e-02 -3.80596221e-01
2.78315306e-01 5.00000000e-01 1.75249800e-02 -3.82050723e-01
2.77506381e-01 5.00000000e-01 1.76363643e-02 -3.83372515e-01
2.77046233e-01 5.00000000e-01 1.76996905e-02 -3.84565532e-01
2.76586413e-01 5.00000000e-01 1.77624654e-02 -3.85653913e-01
2.75777191e-01 5.00000000e-01 1.78729370e-02 -3.86772662e-01
2.74967998e-01 5.00000000e-01 1.79834086e-02 -3.87996316e-01
2.74158806e-01 5.00000000e-01 1.80938803e-02 -3.89378101e-01
2.73349404e-01 5.00000000e-01 1.82034690e-02 -3.90889615e-01
2.72539973e-01 5.00000000e-01 1.83130577e-02 -3.92446011e-01
2.71730542e-01 5.00000000e-01 1.84226483e-02 -3.93939763e-01
2.70920604e-01 5.00000000e-01 1.85319334e-02 -3.95309120e-01
2.70461410e-01 5.00000000e-01 1.85935777e-02 -3.96587521e-01
2.70002216e-01 5.00000000e-01 1.86552238e-02 -3.97862852e-01
2.69192517e-01 5.00000000e-01 1.87639203e-02 -3.99251998e-01
2.68382847e-01 5.00000000e-01 1.88726168e-02 -4.00822014e-01
2.67572999e-01 5.00000000e-01 1.89804267e-02 -4.02552426e-01
2.66763061e-01 5.00000000e-01 1.90882068e-02 -4.04349864e-01
2.65953124e-01 5.00000000e-01 1.91959869e-02 -4.06072408e-01
2.65142739e-01 5.00000000e-01 1.93034615e-02 -4.07608896e-01
2.64684230e-01 5.00000000e-01 1.93639491e-02 -4.08979088e-01
2.64225692e-01 5.00000000e-01 1.94244366e-02 -4.10198480e-01
2.63415515e-01 5.00000000e-01 1.95313115e-02 -4.11433071e-01
2.62605339e-01 5.00000000e-01 1.96381863e-02 -4.12765145e-01
2.61795074e-01 5.00000000e-01 1.97438877e-02 -4.14262265e-01
2.60984570e-01 5.00000000e-01 1.98495742e-02 -4.15918946e-01
2.60174066e-01 5.00000000e-01 1.99552607e-02 -4.17658091e-01
2.59363204e-01 5.00000000e-01 2.00605877e-02 -4.19328541e-01
2.58552462e-01 5.00000000e-01 2.01653521e-02 -4.20835406e-01
2.58094698e-01 5.00000000e-01 2.02245023e-02 -4.22188401e-01
2.57636935e-01 5.00000000e-01 2.02836506e-02 -4.23410296e-01
2.56826460e-01 5.00000000e-01 2.03883517e-02 -4.24651444e-01
2.56015480e-01 5.00000000e-01 2.04921868e-02 -4.25991476e-01
2.55204499e-01 5.00000000e-01 2.05960199e-02 -4.27481353e-01
2.54393518e-01 5.00000000e-01 2.06998549e-02 -4.29090917e-01
2.53582209e-01 5.00000000e-01 2.08032206e-02 -4.30716425e-01
2.52770990e-01 5.00000000e-01 2.09061149e-02 -4.32248741e-01
2.51959771e-01 5.00000000e-01 2.10090093e-02 -4.33616161e-01
2.51502693e-01 5.00000000e-01 2.10669823e-02 -4.34852064e-01
2.51046091e-01 5.00000000e-01 2.11247057e-02 -4.36035812e-01
2.50234544e-01 5.00000000e-01 2.12263744e-02 -4.37323600e-01
2.49423012e-01 5.00000000e-01 2.13280451e-02 -4.38793033e-01
2.48611465e-01 5.00000000e-01 2.14297157e-02 -4.40458924e-01
2.47799724e-01 5.00000000e-01 2.15307567e-02 -4.42241758e-01
2.46987954e-01 5.00000000e-01 2.16314849e-02 -4.44016933e-01
2.46176168e-01 5.00000000e-01 2.17322130e-02 -4.45653617e-01
2.45363876e-01 5.00000000e-01 2.18327995e-02 -4.47087765e-01
2.44907990e-01 5.00000000e-01 2.18888111e-02 -4.48377580e-01
2.44452089e-01 5.00000000e-01 2.19448227e-02 -4.49621528e-01
2.43640065e-01 5.00000000e-01 2.20445879e-02 -4.50979799e-01
2.42828041e-01 5.00000000e-01 2.21443530e-02 -4.52549219e-01
2.42015913e-01 5.00000000e-01 2.22430099e-02 -4.54352200e-01
2.41203576e-01 5.00000000e-01 2.23415345e-02 -4.56330329e-01
2.40391254e-01 5.00000000e-01 2.24400572e-02 -4.58340287e-01
2.39578530e-01 5.00000000e-01 2.25381888e-02 -4.60225791e-01
2.38765955e-01 5.00000000e-01 2.26357430e-02 -4.61890191e-01
2.38310903e-01 5.00000000e-01 2.26903763e-02 -4.63360339e-01
2.37855837e-01 5.00000000e-01 2.27450114e-02 -4.64667976e-01
2.37043634e-01 5.00000000e-01 2.28423383e-02 -4.65993166e-01
2.36230746e-01 5.00000000e-01 2.29386147e-02 -4.67435837e-01
2.35417873e-01 5.00000000e-01 2.30348930e-02 -4.69071597e-01
2.34604999e-01 5.00000000e-01 2.31311694e-02 -4.70887393e-01
2.33791858e-01 5.00000000e-01 2.32267436e-02 -4.72777396e-01
2.32978746e-01 5.00000000e-01 2.33220458e-02 -4.74602342e-01
2.32165649e-01 5.00000000e-01 2.34173499e-02 -4.76237238e-01
2.31711432e-01 5.00000000e-01 2.34705862e-02 -4.77689862e-01
2.31257662e-01 5.00000000e-01 2.35232934e-02 -4.78955835e-01
2.30444312e-01 5.00000000e-01 2.36175880e-02 -4.80219901e-01
2.29630962e-01 5.00000000e-01 2.37118807e-02 -4.81575698e-01
2.28817761e-01 5.00000000e-01 2.38060430e-02 -4.83132511e-01
2.28004113e-01 5.00000000e-01 2.38990523e-02 -4.84932721e-01
2.27190465e-01 5.00000000e-01 2.39920616e-02 -4.86911714e-01
2.26376817e-01 5.00000000e-01 2.40850691e-02 -4.88934427e-01
2.25562617e-01 5.00000000e-01 2.41771638e-02 -4.90839750e-01
2.24748671e-01 5.00000000e-01 2.42688619e-02 -4.92522657e-01
2.24295840e-01 5.00000000e-01 2.43198760e-02 -4.94002491e-01
2.23843023e-01 5.00000000e-01 2.43708920e-02 -4.95289653e-01
2.23029360e-01 5.00000000e-01 2.44620349e-02 -4.96570438e-01
2.22215176e-01 5.00000000e-01 2.45527029e-02 -4.97950107e-01
2.21400991e-01 5.00000000e-01 2.46433727e-02 -4.99541730e-01
2.20586777e-01 5.00000000e-01 2.47338191e-02 -5.01379192e-01
2.19772294e-01 5.00000000e-01 2.48231664e-02 -5.03416002e-01
2.18957827e-01 5.00000000e-01 2.49125119e-02 -5.05518794e-01
2.18143344e-01 5.00000000e-01 2.50018593e-02 -5.07534504e-01
2.17328295e-01 5.00000000e-01 2.50903554e-02 -5.09343207e-01
2.16876790e-01 5.00000000e-01 2.51392964e-02 -5.10967493e-01
2.16425285e-01 5.00000000e-01 2.51882356e-02 -5.12402356e-01
2.15610579e-01 5.00000000e-01 2.52765436e-02 -5.13820469e-01
2.14796096e-01 5.00000000e-01 2.53638960e-02 -5.15302599e-01
2.13981092e-01 5.00000000e-01 2.54508443e-02 -5.16959786e-01
2.13166088e-01 5.00000000e-01 2.55377926e-02 -5.18818319e-01
2.12350905e-01 5.00000000e-01 2.56242175e-02 -5.20816982e-01
2.11535618e-01 5.00000000e-01 2.57098135e-02 -5.22843838e-01
2.10720316e-01 5.00000000e-01 2.57954113e-02 -5.24756372e-01
2.09904566e-01 5.00000000e-01 2.58809105e-02 -5.26454210e-01
2.09454551e-01 5.00000000e-01 2.59275436e-02 -5.27971804e-01
2.09004536e-01 5.00000000e-01 2.59741768e-02 -5.29325545e-01
2.08189011e-01 5.00000000e-01 2.60586869e-02 -5.30689180e-01
2.07373500e-01 5.00000000e-01 2.61431970e-02 -5.32159209e-01
2.06558093e-01 5.00000000e-01 2.62262933e-02 -5.33841431e-01
2.05742285e-01 5.00000000e-01 2.63094138e-02 -5.35788357e-01
2.04926476e-01 5.00000000e-01 2.63925344e-02 -5.37956595e-01
2.04110384e-01 5.00000000e-01 2.64745969e-02 -5.40227175e-01
2.03294277e-01 5.00000000e-01 2.65563130e-02 -5.42453825e-01
2.02478185e-01 5.00000000e-01 2.66380291e-02 -5.44478178e-01
2.01661408e-01 5.00000000e-01 2.67190263e-02 -5.46196401e-01
2.01213077e-01 5.00000000e-01 2.67631263e-02 -5.47669828e-01
2.00764731e-01 5.00000000e-01 2.68072281e-02 -5.48903108e-01
1.99948356e-01 5.00000000e-01 2.68875305e-02 -5.50102293e-01
1.99132249e-01 5.00000000e-01 2.69672908e-02 -5.51359713e-01
1.98315650e-01 5.00000000e-01 2.70464681e-02 -5.52817941e-01
1.97499052e-01 5.00000000e-01 2.71256454e-02 -5.54555297e-01
1.96682394e-01 5.00000000e-01 2.72044297e-02 -5.56575000e-01
1.95865512e-01 5.00000000e-01 2.72821672e-02 -5.58823943e-01
1.95048630e-01 5.00000000e-01 2.73599029e-02 -5.61176598e-01
1.94231406e-01 5.00000000e-01 2.74375454e-02 -5.63476682e-01
1.93414301e-01 5.00000000e-01 2.75141280e-02 -5.65589905e-01
1.92597210e-01 5.00000000e-01 2.75907107e-02 -5.67420185e-01
1.92150354e-01 5.00000000e-01 2.76325904e-02 -5.69016874e-01
1.91704288e-01 5.00000000e-01 2.76742932e-02 -5.70392668e-01
1.90886855e-01 5.00000000e-01 2.77490802e-02 -5.71760178e-01
1.90069422e-01 5.00000000e-01 2.78238673e-02 -5.73214889e-01
1.89251974e-01 5.00000000e-01 2.78986543e-02 -5.74890256e-01
1.88434511e-01 5.00000000e-01 2.79723406e-02 -5.76855719e-01
1.87616870e-01 5.00000000e-01 2.80459598e-02 -5.79116702e-01
1.86799213e-01 5.00000000e-01 2.81195771e-02 -5.81593335e-01
1.85981140e-01 5.00000000e-01 2.81919725e-02 -5.84147751e-01
1.85163215e-01 5.00000000e-01 2.82640774e-02 -5.86634278e-01
1.84345305e-01 5.00000000e-01 2.83361804e-02 -5.88899791e-01
1.83526561e-01 5.00000000e-01 2.84072328e-02 -5.90845168e-01
1.83082178e-01 5.00000000e-01 2.84455698e-02 -5.92538476e-01
1.82637796e-01 5.00000000e-01 2.84839068e-02 -5.93976855e-01
1.81819603e-01 5.00000000e-01 2.85544917e-02 -5.95364988e-01
1.81001738e-01 5.00000000e-01 2.86238845e-02 -5.96785486e-01
1.80183291e-01 5.00000000e-01 2.86929198e-02 -5.98382056e-01
1.79364830e-01 5.00000000e-01 2.87619568e-02 -6.00235045e-01
1.78546339e-01 5.00000000e-01 2.88301427e-02 -6.02362335e-01
1.77727669e-01 5.00000000e-01 2.88979448e-02 -6.04737818e-01
1.76909000e-01 5.00000000e-01 2.89657470e-02 -6.07275546e-01
1.76089808e-01 5.00000000e-01 2.90323477e-02 -6.09852374e-01
1.75270840e-01 5.00000000e-01 2.90982444e-02 -6.12353682e-01
1.74451858e-01 5.00000000e-01 2.91641392e-02 -6.14649892e-01
1.73632219e-01 5.00000000e-01 2.92292871e-02 -6.16657972e-01
1.73190325e-01 5.00000000e-01 2.92641483e-02 -6.18439913e-01
1.72748417e-01 5.00000000e-01 2.92990096e-02 -6.19990408e-01
1.71929240e-01 5.00000000e-01 2.93636359e-02 -6.21490657e-01
1.71110451e-01 5.00000000e-01 2.94270869e-02 -6.23011112e-01
1.70291022e-01 5.00000000e-01 2.94900965e-02 -6.24682784e-01
1.69471592e-01 5.00000000e-01 2.95531060e-02 -6.26581848e-01
1.68652192e-01 5.00000000e-01 2.96149310e-02 -6.28734887e-01
1.67832509e-01 5.00000000e-01 2.96763033e-02 -6.31144643e-01
1.67012811e-01 5.00000000e-01 2.97376756e-02 -6.33760869e-01
1.66192785e-01 5.00000000e-01 2.97978222e-02 -6.36498988e-01
1.65372863e-01 5.00000000e-01 2.98575368e-02 -6.39265120e-01
1.64552927e-01 5.00000000e-01 2.99172513e-02 -6.41919136e-01
1.63732275e-01 5.00000000e-01 2.99756657e-02 -6.44323707e-01
1.62912116e-01 5.00000000e-01 3.00337020e-02 -6.46407902e-01
1.62473008e-01 5.00000000e-01 3.00647728e-02 -6.48223758e-01
1.62033901e-01 5.00000000e-01 3.00958455e-02 -6.49762154e-01
1.61214218e-01 5.00000000e-01 3.01525593e-02 -6.51215673e-01
1.60393849e-01 5.00000000e-01 3.02092358e-02 -6.52657270e-01
1.59574076e-01 5.00000000e-01 3.02658174e-02 -6.54189110e-01
1.58753425e-01 5.00000000e-01 3.03204320e-02 -6.55893683e-01
1.57932788e-01 5.00000000e-01 3.03750467e-02 -6.57789826e-01
1.57112271e-01 5.00000000e-01 3.04294191e-02 -6.59870207e-01
1.56291395e-01 5.00000000e-01 3.04822847e-02 -6.62140250e-01
1.55470520e-01 5.00000000e-01 3.05351503e-02 -6.64592266e-01
1.54649466e-01 5.00000000e-01 3.05876583e-02 -6.67219102e-01
1.53828412e-01 5.00000000e-01 3.06391046e-02 -6.70017004e-01
1.53007358e-01 5.00000000e-01 3.06905508e-02 -6.72928333e-01
1.52185723e-01 5.00000000e-01 3.07413042e-02 -6.75818384e-01
1.51364446e-01 5.00000000e-01 3.07909586e-02 -6.78612411e-01
1.50543168e-01 5.00000000e-01 3.08406129e-02 -6.81175351e-01
1.49720967e-01 5.00000000e-01 3.08892839e-02 -6.83412850e-01
1.49286300e-01 5.00000000e-01 3.09145935e-02 -6.85399115e-01
1.48851633e-01 5.00000000e-01 3.09399050e-02 -6.87120974e-01
1.48030147e-01 5.00000000e-01 3.09877414e-02 -6.88772023e-01
1.47209212e-01 5.00000000e-01 3.10340542e-02 -6.90409541e-01
1.46387503e-01 5.00000000e-01 3.10800578e-02 -6.92151845e-01
1.45566255e-01 5.00000000e-01 3.11260205e-02 -6.94044411e-01
1.44744337e-01 5.00000000e-01 3.11701447e-02 -6.96110547e-01
1.43922433e-01 5.00000000e-01 3.12142707e-02 -6.98323965e-01
1.43100649e-01 5.00000000e-01 3.12579535e-02 -7.00646460e-01
1.42278537e-01 5.00000000e-01 3.13001908e-02 -7.03063667e-01
1.41456425e-01 5.00000000e-01 3.13424282e-02 -7.05548585e-01
1.40634134e-01 5.00000000e-01 3.13837677e-02 -7.08083391e-01
1.39811829e-01 5.00000000e-01 3.14240791e-02 -7.10686982e-01
1.38989523e-01 5.00000000e-01 3.14643905e-02 -7.13365614e-01
1.38166726e-01 5.00000000e-01 3.15033048e-02 -7.16129541e-01
1.37344226e-01 5.00000000e-01 3.15416716e-02 -7.19008088e-01
1.36521235e-01 5.00000000e-01 3.15800495e-02 -7.21964777e-01
1.35698602e-01 5.00000000e-01 3.16168070e-02 -7.24953890e-01
1.34875968e-01 5.00000000e-01 3.16535607e-02 -7.27864802e-01
1.34052396e-01 5.00000000e-01 3.16897407e-02 -7.30574131e-01
1.33229583e-01 5.00000000e-01 3.17244790e-02 -7.33025193e-01
1.32800818e-01 5.00000000e-01 3.17425802e-02 -7.35254943e-01
1.32372037e-01 5.00000000e-01 3.17606814e-02 -7.37271786e-01
1.31550193e-01 5.00000000e-01 3.17937806e-02 -7.39240766e-01
1.30727187e-01 5.00000000e-01 3.18261199e-02 -7.41246045e-01
1.29904166e-01 5.00000000e-01 3.18584591e-02 -7.43363678e-01
1.29081637e-01 5.00000000e-01 3.18890698e-02 -7.45620131e-01
1.28258497e-01 5.00000000e-01 3.19196992e-02 -7.48012662e-01
1.27435833e-01 5.00000000e-01 3.19495648e-02 -7.50484049e-01
1.26612544e-01 5.00000000e-01 3.19780968e-02 -7.53007174e-01
1.25789255e-01 5.00000000e-01 3.20066325e-02 -7.55545556e-01
1.24966159e-01 5.00000000e-01 3.20338756e-02 -7.58085668e-01
1.24142751e-01 5.00000000e-01 3.20606604e-02 -7.60656238e-01
1.23319514e-01 5.00000000e-01 3.20871174e-02 -7.63266742e-01
1.22495949e-01 5.00000000e-01 3.21113542e-02 -7.65969813e-01
1.21672384e-01 5.00000000e-01 3.21355909e-02 -7.68776536e-01
1.20848760e-01 5.00000000e-01 3.21588404e-02 -7.71681547e-01
1.20025091e-01 5.00000000e-01 3.21812555e-02 -7.74683476e-01
1.19201422e-01 5.00000000e-01 3.22036669e-02 -7.77738333e-01
1.18377484e-01 5.00000000e-01 3.22238915e-02 -7.80793488e-01
1.17553703e-01 5.00000000e-01 3.22440565e-02 -7.83835113e-01
1.16729572e-01 5.00000000e-01 3.22632492e-02 -7.86819398e-01
1.15905680e-01 5.00000000e-01 3.22811529e-02 -7.89763451e-01
1.15081795e-01 5.00000000e-01 3.22990604e-02 -7.92664945e-01
1.14257380e-01 5.00000000e-01 3.23148593e-02 -7.95529723e-01
1.13433398e-01 5.00000000e-01 3.23304460e-02 -7.98400939e-01
1.12608828e-01 5.00000000e-01 3.23450789e-02 -8.01272631e-01
1.11784764e-01 5.00000000e-01 3.23583074e-02 -8.04178178e-01
1.10960700e-01 5.00000000e-01 3.23715322e-02 -8.07107449e-01
1.10136040e-01 5.00000000e-01 3.23829502e-02 -8.10045719e-01
1.09311916e-01 5.00000000e-01 3.23942080e-02 -8.13006878e-01
1.08487003e-01 5.00000000e-01 3.24043482e-02 -8.15967321e-01
1.07662819e-01 5.00000000e-01 3.24131474e-02 -8.18956792e-01
1.06837943e-01 5.00000000e-01 3.24219167e-02 -8.21961522e-01
1.06013723e-01 5.00000000e-01 3.24286558e-02 -8.25011134e-01
1.05189495e-01 5.00000000e-01 3.24353948e-02 -8.28099310e-01
1.04364365e-01 5.00000000e-01 3.24406438e-02 -8.31211686e-01
1.03540108e-01 5.00000000e-01 3.24448682e-02 -8.34368944e-01
1.02714911e-01 5.00000000e-01 3.24485973e-02 -8.37536871e-01
1.01890639e-01 5.00000000e-01 3.24502662e-02 -8.40733230e-01
1.01066366e-01 5.00000000e-01 3.24519351e-02 -8.43934774e-01
1.00241125e-01 5.00000000e-01 3.24514918e-02 -8.47119689e-01
9.94168445e-02 5.00000000e-01 3.24505642e-02 -8.50312889e-01
9.85917449e-02 5.00000000e-01 3.24486122e-02 -8.53494763e-01
9.77674797e-02 5.00000000e-01 3.24454308e-02 -8.56703401e-01
9.69422534e-02 5.00000000e-01 3.24419402e-02 -8.59929621e-01
9.61180106e-02 5.00000000e-01 3.24360728e-02 -8.63215804e-01
9.52937752e-02 5.00000000e-01 3.24302055e-02 -8.66552293e-01
9.44687724e-02 5.00000000e-01 3.24224755e-02 -8.69923651e-01
9.36445743e-02 5.00000000e-01 3.24142724e-02 -8.73352289e-01
9.28195193e-02 5.00000000e-01 3.24046798e-02 -8.76811624e-01
9.19953883e-02 5.00000000e-01 3.23936939e-02 -8.80343735e-01
9.11705717e-02 5.00000000e-01 3.23821679e-02 -8.83932352e-01
9.03465077e-02 5.00000000e-01 3.23687606e-02 -8.87614071e-01
8.95224512e-02 5.00000000e-01 3.23553495e-02 -8.91369402e-01
8.86977539e-02 5.00000000e-01 3.23391222e-02 -8.95158649e-01
8.78737941e-02 5.00000000e-01 3.23227905e-02 -8.98982763e-01
8.70493949e-02 5.00000000e-01 3.23046222e-02 -9.02769625e-01
8.62255469e-02 5.00000000e-01 3.22857685e-02 -9.06517565e-01
8.54013637e-02 5.00000000e-01 3.22656147e-02 -9.10179079e-01
8.45776424e-02 5.00000000e-01 3.22442353e-02 -9.13791478e-01
8.37536603e-02 5.00000000e-01 3.22218612e-02 -9.17353869e-01
8.29301104e-02 5.00000000e-01 3.21973599e-02 -9.20960367e-01
8.21064785e-02 5.00000000e-01 3.21724154e-02 -9.24644649e-01
8.12831223e-02 5.00000000e-01 3.21448259e-02 -9.28518832e-01
8.04597661e-02 5.00000000e-01 3.21172364e-02 -9.32628214e-01
7.96367079e-02 5.00000000e-01 3.20869014e-02 -9.36996877e-01
7.88135529e-02 5.00000000e-01 3.20565253e-02 -9.41671133e-01
7.79908970e-02 5.00000000e-01 3.20237800e-02 -9.46572065e-01
7.71679580e-02 5.00000000e-01 3.19906212e-02 -9.51626360e-01
7.63457566e-02 5.00000000e-01 3.19553763e-02 -9.56601083e-01
7.55230561e-02 5.00000000e-01 3.19193751e-02 -9.61274445e-01
7.47013763e-02 5.00000000e-01 3.18815224e-02 -9.65343356e-01
7.38789365e-02 5.00000000e-01 3.18426229e-02 -9.68666792e-01
7.30580613e-02 5.00000000e-01 3.18017565e-02 -9.71209884e-01
7.22359717e-02 5.00000000e-01 3.17593589e-02 -9.73230481e-01
7.18037263e-02 5.00000000e-01 3.17368880e-02 -9.75000441e-01
7.13701323e-02 5.00000000e-01 3.17129232e-02 -9.77085054e-01
7.05483630e-02 5.00000000e-01 3.16675045e-02 -9.79742527e-01
6.97255507e-02 5.00000000e-01 3.16202492e-02 -9.83204126e-01
6.89041466e-02 5.00000000e-01 3.15716900e-02 -9.87494230e-01
6.80820718e-02 5.00000000e-01 3.15213166e-02 -9.92410004e-01
6.72610551e-02 5.00000000e-01 3.14696059e-02 -9.97819543e-01
6.64397776e-02 5.00000000e-01 3.14159766e-02 -1.00352406e+00
6.56191856e-02 5.00000000e-01 3.13609839e-02 -1.00947893e+00
6.47988021e-02 5.00000000e-01 3.13039347e-02 -1.01552761e+00
6.39786720e-02 5.00000000e-01 3.12455911e-02 -1.02156770e+00
6.31592721e-02 5.00000000e-01 3.11850272e-02 -1.02730274e+00
6.23396374e-02 5.00000000e-01 3.11233327e-02 -1.03250361e+00
6.15213327e-02 5.00000000e-01 3.10590845e-02 -1.03689134e+00
6.07022457e-02 5.00000000e-01 3.09938919e-02 -1.04046369e+00
5.98851442e-02 5.00000000e-01 3.09257805e-02 -1.04335153e+00
5.94415069e-02 5.00000000e-01 3.08885071e-02 -1.04593885e+00
5.89962676e-02 5.00000000e-01 3.08508798e-02 -1.04872715e+00
5.81784174e-02 5.00000000e-01 3.07783708e-02 -1.05212903e+00
5.73596992e-02 5.00000000e-01 3.07050310e-02 -1.05635834e+00
5.65425195e-02 5.00000000e-01 3.06288693e-02 -1.06142438e+00
5.57252392e-02 5.00000000e-01 3.05514634e-02 -1.06699312e+00
5.49086891e-02 5.00000000e-01 3.04720141e-02 -1.07274663e+00
5.40929772e-02 5.00000000e-01 3.03901304e-02 -1.07827198e+00
5.32773286e-02 5.00000000e-01 3.03062368e-02 -1.08344865e+00
5.24631850e-02 5.00000000e-01 3.02197356e-02 -1.08821070e+00
5.16482890e-02 5.00000000e-01 3.01322937e-02 -1.09281373e+00
5.11973426e-02 5.00000000e-01 3.00819874e-02 -1.09738791e+00
5.07448353e-02 5.00000000e-01 3.00314762e-02 -1.10241401e+00
4.99294326e-02 5.00000000e-01 2.99388673e-02 -1.10785544e+00
4.91163135e-02 5.00000000e-01 2.98436079e-02 -1.11385262e+00
4.83031310e-02 5.00000000e-01 2.97456514e-02 -1.12004828e+00
4.74910252e-02 5.00000000e-01 2.96462234e-02 -1.12616098e+00
4.66801710e-02 5.00000000e-01 2.95426920e-02 -1.13180649e+00
4.58704829e-02 5.00000000e-01 2.94379983e-02 -1.13694131e+00
4.50605564e-02 5.00000000e-01 2.93301791e-02 -1.14173985e+00
4.46017273e-02 5.00000000e-01 2.92685162e-02 -1.14635813e+00
4.41413671e-02 5.00000000e-01 2.92047989e-02 -1.15130913e+00
4.33311872e-02 5.00000000e-01 2.90923473e-02 -1.15664697e+00
4.25237529e-02 5.00000000e-01 2.89757233e-02 -1.16258049e+00
4.17165645e-02 5.00000000e-01 2.88571231e-02 -1.16886544e+00
4.09104340e-02 5.00000000e-01 2.87361648e-02 -1.17538929e+00
4.01064940e-02 5.00000000e-01 2.86110770e-02 -1.18190479e+00
3.93042751e-02 5.00000000e-01 2.84841731e-02 -1.18847084e+00
3.88374664e-02 5.00000000e-01 2.84082703e-02 -1.19516826e+00
3.83706540e-02 5.00000000e-01 2.83323675e-02 -1.20211339e+00
3.75672653e-02 5.00000000e-01 2.81975642e-02 -1.20916414e+00
3.67658250e-02 5.00000000e-01 2.80607529e-02 -1.21630073e+00
3.59660238e-02 5.00000000e-01 2.79208310e-02 -1.22336674e+00
3.51688340e-02 5.00000000e-01 2.77765282e-02 -1.23004413e+00
3.43735442e-02 5.00000000e-01 2.76300311e-02 -1.23637640e+00
3.39006148e-02 5.00000000e-01 2.75410712e-02 -1.24252272e+00
3.34257670e-02 5.00000000e-01 2.74515003e-02 -1.24852753e+00
3.26320455e-02 5.00000000e-01 2.72957608e-02 -1.25471795e+00
3.18394192e-02 5.00000000e-01 2.71368492e-02 -1.26101053e+00
3.10497358e-02 5.00000000e-01 2.69752275e-02 -1.26747167e+00
3.02606076e-02 5.00000000e-01 2.68086791e-02 -1.27416170e+00
2.97838263e-02 5.00000000e-01 2.67059058e-02 -1.28088856e+00
2.93044448e-02 5.00000000e-01 2.66009774e-02 -1.28791952e+00
2.85181869e-02 5.00000000e-01 2.64256652e-02 -1.29509509e+00
2.77354531e-02 5.00000000e-01 2.62472536e-02 -1.30252028e+00
2.69544534e-02 5.00000000e-01 2.60634031e-02 -1.31025028e+00
2.64729168e-02 5.00000000e-01 2.59467512e-02 -1.31798220e+00
2.59889513e-02 5.00000000e-01 2.58284453e-02 -1.32578194e+00
2.52116192e-02 5.00000000e-01 2.56338008e-02 -1.33342063e+00
2.44385414e-02 5.00000000e-01 2.54353620e-02 -1.34098756e+00
2.36705691e-02 5.00000000e-01 2.52328683e-02 -1.34863663e+00
2.31824163e-02 5.00000000e-01 2.51000058e-02 -1.35657227e+00
2.26926058e-02 5.00000000e-01 2.49655321e-02 -1.36489272e+00
2.19286587e-02 5.00000000e-01 2.47508455e-02 -1.37381828e+00
2.11692881e-02 5.00000000e-01 2.45287232e-02 -1.38319647e+00
2.06785444e-02 5.00000000e-01 2.43824739e-02 -1.39306796e+00
2.01867800e-02 5.00000000e-01 2.42339149e-02 -1.40345383e+00
1.94324460e-02 5.00000000e-01 2.39982940e-02 -1.41377902e+00
1.86856519e-02 5.00000000e-01 2.37577949e-02 -1.42423165e+00
1.81907508e-02 5.00000000e-01 2.35953294e-02 -1.43471623e+00
1.76958311e-02 5.00000000e-01 2.34279185e-02 -1.44526458e+00
1.69569254e-02 5.00000000e-01 2.31717750e-02 -1.45551252e+00
1.62268635e-02 5.00000000e-01 2.29103044e-02 -1.46553099e+00
1.57297887e-02 5.00000000e-01 2.27284431e-02 -1.47530627e+00
1.52327996e-02 5.00000000e-01 2.25395747e-02 -1.48474896e+00
1.45147303e-02 5.00000000e-01 2.22599264e-02 -1.49365306e+00
1.38072483e-02 5.00000000e-01 2.19747126e-02 -1.50198805e+00
1.33118415e-02 5.00000000e-01 2.17691362e-02 -1.50989878e+00
1.28144268e-02 5.00000000e-01 2.15561558e-02 -1.51755094e+00
1.21240467e-02 5.00000000e-01 2.12505069e-02 -1.52511394e+00
1.16294138e-02 5.00000000e-01 2.10235994e-02 -1.53274262e+00
1.11312279e-02 5.00000000e-01 2.07888558e-02 -1.54060268e+00
1.04672117e-02 5.00000000e-01 2.04635765e-02 -1.54844713e+00
9.97285824e-03 5.00000000e-01 2.02139523e-02 -1.55618048e+00
9.48030222e-03 5.00000000e-01 1.99544504e-02 -1.56217670e+00
8.84350948e-03 5.00000000e-01 1.96063667e-02 -1.56591749e+00
8.35855026e-03 5.00000000e-01 1.93285942e-02 -1.56699908e+00
7.87299313e-03 5.00000000e-01 1.90400016e-02 -1.56279457e+00
7.27959489e-03 5.00000000e-01 1.86714828e-02 -1.55400372e+00
6.80729654e-03 5.00000000e-01 1.83635633e-02 -1.54061532e+00
6.33727759e-03 5.00000000e-01 1.80431921e-02 -1.52101016e+00
5.87045588e-03 5.00000000e-01 1.77098606e-02 -1.49862409e+00
5.40826889e-03 5.00000000e-01 1.73627473e-02 -1.47010863e+00
4.95254248e-03 5.00000000e-01 1.70007329e-02 -1.43840516e+00
4.50472953e-03 5.00000000e-01 1.66240707e-02 -1.39763987e+00
4.06635460e-03 5.00000000e-01 1.62322111e-02 -1.35192776e+00
3.64010478e-03 5.00000000e-01 1.58242397e-02 -1.29218876e+00
3.22868582e-03 5.00000000e-01 1.54014239e-02 -1.22431230e+00
2.83421320e-03 5.00000000e-01 1.49629870e-02 -1.13793373e+00
2.45789578e-03 5.00000000e-01 1.45061128e-02 -1.04885435e+00
2.11107056e-03 5.00000000e-01 1.40416706e-02 -9.34321225e-01
1.79092190e-03 5.00000000e-01 1.35679785e-02 -8.11457217e-01
1.41875527e-03 5.00000000e-01 1.29450737e-02 -6.81781352e-01
1.16306404e-03 5.00000000e-01 1.24414563e-02 -5.29552877e-01
9.42569808e-04 5.00000000e-01 1.19409943e-02 -3.72077376e-01
6.78894925e-04 5.00000000e-01 1.11995982e-02 -2.16883391e-01
5.43811300e-04 5.00000000e-01 1.07056191e-02 -4.75244224e-02
4.42341116e-04 5.00000000e-01 1.02332300e-02 1.22481614e-01
3.38937272e-04 5.00000000e-01 9.45543498e-03 2.77656674e-01
3.07528709e-04 5.00000000e-01 8.65572412e-03 4.23008740e-01
3.52471339e-04 5.00000000e-01 7.85814132e-03 5.52473426e-01
4.67180856e-04 5.00000000e-01 7.08445720e-03 6.62372410e-01
5.73675381e-04 5.00000000e-01 6.61229016e-03 7.55877614e-01
7.12614681e-04 5.00000000e-01 6.11955300e-03 8.38471651e-01
9.74361727e-04 5.00000000e-01 5.38185099e-03 8.95733952e-01
1.19005097e-03 5.00000000e-01 4.88216663e-03 9.37488020e-01
1.43669953e-03 5.00000000e-01 4.37846919e-03 9.71404791e-01
1.79250713e-03 5.00000000e-01 3.74133931e-03 9.89974499e-01
2.09520734e-03 5.00000000e-01 3.25932843e-03 9.98128235e-01
2.42161937e-03 5.00000000e-01 2.78282026e-03 1.00172055e+00
2.81604263e-03 5.00000000e-01 2.25300621e-03 9.97087002e-01
3.17324675e-03 5.00000000e-01 1.80941552e-03 9.85778928e-01
3.54735949e-03 5.00000000e-01 1.37433701e-03 9.72046137e-01
3.93571006e-03 5.00000000e-01 9.48155823e-04 9.54199076e-01
4.33654198e-03 5.00000000e-01 5.32002537e-04 9.34995294e-01
4.74870065e-03 5.00000000e-01 1.26594678e-04 9.13702965e-01
5.17031876e-03 5.00000000e-01 -2.69284792e-04 8.91690373e-01
5.59978094e-03 5.00000000e-01 -6.55010808e-04 8.68945420e-01
6.07221341e-03 5.00000000e-01 -1.06154103e-03 8.46090496e-01
6.52448833e-03 5.00000000e-01 -1.43484038e-03 8.23187828e-01
6.98128529e-03 5.00000000e-01 -1.79816491e-03 8.00541818e-01
7.44180800e-03 5.00000000e-01 -2.15193024e-03 7.78100312e-01
7.90518895e-03 5.00000000e-01 -2.49648816e-03 7.56129146e-01
8.37191846e-03 5.00000000e-01 -2.83288653e-03 7.33779252e-01
8.84203333e-03 5.00000000e-01 -3.15919984e-03 7.12800682e-01
9.40694846e-03 5.00000000e-01 -3.54139996e-03 6.92180216e-01
9.88777354e-03 5.00000000e-01 -3.85675789e-03 6.72161698e-01
1.03683053e-02 5.00000000e-01 -4.16425429e-03 6.52680337e-01
1.08499723e-02 5.00000000e-01 -4.46506403e-03 6.33009732e-01
1.13327550e-02 5.00000000e-01 -4.75826860e-03 6.14518642e-01
1.19421817e-02 5.00000000e-01 -5.11941547e-03 5.96634626e-01
1.24306641e-02 5.00000000e-01 -5.40210726e-03 5.79223990e-01
1.29193952e-02 5.00000000e-01 -5.67911100e-03 5.62233865e-01
1.35505013e-02 5.00000000e-01 -6.02759048e-03 5.46234131e-01
1.40446341e-02 5.00000000e-01 -6.29415177e-03 5.30840039e-01
1.45364357e-02 5.00000000e-01 -6.55569788e-03 5.16157687e-01
1.51862055e-02 5.00000000e-01 -6.89243292e-03 5.01725078e-01
1.56836472e-02 5.00000000e-01 -7.14410096e-03 4.88139063e-01
1.61781982e-02 5.00000000e-01 -7.39160692e-03 4.75145310e-01
1.68430395e-02 5.00000000e-01 -7.71718426e-03 4.62327182e-01
1.73417032e-02 5.00000000e-01 -7.95592740e-03 4.50147718e-01
1.78374220e-02 5.00000000e-01 -8.19121581e-03 4.38426793e-01
1.85165778e-02 5.00000000e-01 -8.50516092e-03 4.26680803e-01
1.90151427e-02 5.00000000e-01 -8.73192586e-03 4.15309608e-01
